0 5.02424e-05 1.43842e-05 1.39949e-22 2.23095e-27 1.39949e-22 0.999935
0.12 5.50191e-05 1.43842e-05 1.58634e-22 2.32945e-27 1.58634e-22 0.999931
0.24 6.86673e-05 1.4384e-05 2.12026e-22 2.62702e-27 2.12026e-22 0.999917
0.36 9.2994e-05 1.43837e-05 3.07212e-22 3.21236e-27 3.07212e-22 0.999893
0.48 0.00013205 1.43833e-05 4.60067e-22 4.28154e-27 4.60067e-22 0.999854
0.6 0.00019254 1.43828e-05 6.96864e-22 6.20492e-27 6.96864e-22 0.999793
0.72 0.000284702 1.43821e-05 1.05774e-21 9.6605e-27 1.05774e-21 0.999701
0.84 0.000423683 1.43811e-05 1.60206e-21 1.5882e-26 1.60206e-21 0.999562
0.96 0.000631491 1.43801e-05 2.41612e-21 2.7114e-26 2.41612e-21 0.999354
1.08 0.000939669 1.43792e-05 3.62361e-21 4.74455e-26 3.62361e-21 0.999046
1.2 0.00139288 1.4379e-05 5.39965e-21 8.43366e-26 5.39965e-21 0.998593
1.32 0.00205358 1.43807e-05 7.98925e-21 1.51415e-25 7.98925e-21 0.997932
1.44 0.00300809 1.43872e-05 1.1731e-20 2.73601e-25 1.1731e-20 0.996977
1.56 0.00437415 1.44036e-05 1.70866e-20 4.96499e-25 1.70866e-20 0.995611
1.68 0.00631027 1.44403e-05 2.46782e-20 9.03599e-25 2.46782e-20 0.993675
1.8 0.00902696 1.45171e-05 3.53315e-20 1.64773e-24 3.53315e-20 0.990959
1.92 0.0127997 1.4671e-05 5.01276e-20 3.00848e-24 5.01276e-20 0.987186
2.04 0.0179836 1.49706e-05 7.04596e-20 5.49671e-24 7.04596e-20 0.982002
2.16 0.0250284 1.55427e-05 9.80927e-20 1.00439e-23 9.80927e-20 0.974956
2.28 0.0344931 1.66187e-05 1.35221e-19 1.83437e-23 1.35221e-19 0.965491
2.4 0.0470564 1.86188e-05 1.84507e-19 3.34629e-23 1.84507e-19 0.952925
2.52 0.0635193 2.23002e-05 2.49097e-19 6.09255e-23 2.49097e-19 0.936459
2.64 0.0847913 2.90168e-05 3.32559e-19 1.10614e-22 3.32559e-19 0.91518
2.76 0.11185 4.11677e-05 4.38732e-19 2.0006e-22 4.38732e-19 0.888109
2.88 0.145664 6.29619e-05 5.71417e-19 3.60041e-22 5.71417e-19 0.854274
3 0.187059 0.000101697 7.33861e-19 6.43948e-22 7.33861e-19 0.81284
3.12 0.236538 0.000169865 9.28041e-19 1.14311e-21 9.28041e-19 0.763292
3.24 0.294057 0.000288559 1.15379e-18 2.01147e-21 1.15379e-18 0.705654
3.36 0.358811 0.000492923 1.40794e-18 3.50465e-21 1.40794e-18 0.640696
3.48 0.429095 0.000840863 1.68383e-18 6.04159e-21 1.68383e-18 0.570064
3.6 0.502336 0.00142716 1.97134e-18 1.03029e-20 1.97134e-18 0.496236
3.72 0.575324 0.00240716 2.25789e-18 1.73932e-20 2.25789e-18 0.422268
3.84 0.644614 0.00403905 2.52994e-18 2.91273e-20 2.52994e-18 0.351347
3.96 0.706961 0.00676586 2.77478e-18 4.85839e-20 2.77478e-18 0.286272
4.08 0.759583 0.011392 2.98146e-18 8.13046e-20 2.98146e-18 0.229024
4.2 0.799973 0.0195055 3.14015e-18 1.38207e-19 3.14015e-18 0.180522
4.32 0.824852 0.034565 3.23797e-18 2.43243e-19 3.23797e-18 0.140583
4.44 0.827309 0.0647153 3.24779e-18 4.53601e-19 3.24779e-18 0.107976
4.56 0.790587 0.128973 3.10379e-18 9.0524e-19 3.10379e-18 0.0804404
4.68 0.682397 0.262484 2.6792e-18 1.85616e-18 2.6792e-18 0.0551191
4.8 0.484312 0.484311 1.9016e-18 3.46745e-18 1.9016e-18 0.0313772
4.92 0.270997 0.714994 1.06411e-18 5.20402e-18 1.06411e-18 0.0140086
5.04 0.132913 0.861693 5.21923e-19 6.40469e-18 5.21923e-19 0.00539372
5.16 0.0646633 0.933293 2.53909e-19 7.11773e-18 2.53909e-19 0.00204365
5.28 0.0328369 0.966339 1.28912e-19 7.58868e-18 1.28912e-19 0.000823878
5.4 0.0174422 0.982195 6.84455e-20 7.94749e-18 6.84455e-20 0.000363327
5.52 0.00964526 0.990179 3.78218e-20 8.2281e-18 3.78218e-20 0.000176524
5.64 0.00569321 0.99421 2.22997e-20 8.42107e-18 2.22997e-20 9.75641e-05
5.76 0.00393938 0.995993 1.54046e-20 8.50627e-18 1.54046e-20 6.84252e-05
5.88 0.00368368 0.996247 1.43731e-20 8.47189e-18 1.43731e-20 7.01122e-05
6 0.00475603 0.995142 1.85116e-20 8.32314e-18 1.85116e-20 0.000102355
6.12 0.00742039 0.992397 2.88067e-20 8.08102e-18 2.88067e-20 0.000182476
6.24 0.0125063 0.987133 4.84121e-20 7.7735e-18 4.84121e-20 0.000361193
6.36 0.0219039 0.977319 8.45262e-20 7.42244e-18 8.45262e-20 0.000777053
6.48 0.0399267 0.958246 1.53574e-19 7.02631e-18 1.53574e-19 0.00182704
6.6 0.0766846 0.918637 2.94052e-19 6.53056e-18 2.94052e-19 0.00467795
6.72 0.154031 0.833429 5.89161e-19 5.77931e-18 5.89161e-19 0.0125396
6.84 0.302225 0.665733 1.15396e-18 4.53248e-18 1.15396e-18 0.032042
6.96 0.505593 0.426315 1.9283e-18 2.86613e-18 1.9283e-18 0.0680921
7.08 0.664949 0.222235 2.5342e-18 1.48271e-18 2.5342e-18 0.112816
7.2 0.734012 0.107953 2.79588e-18 7.18158e-19 2.79588e-18 0.158034
7.32 0.740773 0.0540002 2.82039e-18 3.59698e-19 2.82039e-18 0.205227
7.44 0.71364 0.0285568 2.71606e-18 1.90917e-19 2.71606e-18 0.257803
7.56 0.666915 0.0157813 2.53738e-18 1.05923e-19 2.53738e-18 0.317303
7.68 0.607721 0.00894264 2.31145e-18 6.01878e-20 2.31145e-18 0.383336
7.8 0.540789 0.00512063 2.05628e-18 3.44916e-20 2.05628e-18 0.454091
7.92 0.470195 0.00293667 1.78736e-18 1.97486e-20 1.78736e-18 0.526868
8.04 0.399683 0.00167926 1.51892e-18 1.12405e-20 1.51892e-18 0.598637
8.16 0.33247 0.000956212 1.26316e-18 6.34517e-21 1.26316e-18 0.666574
8.28 0.270989 0.000542904 1.0293e-18 3.54968e-21 1.0293e-18 0.728468
8.4 0.216756 0.000308572 8.23092e-19 1.96845e-21 8.23092e-19 0.782935
8.52 0.17041 0.000176878 6.46926e-19 1.08287e-21 6.46926e-19 0.829413
8.64 0.131877 0.0001035 5.00501e-19 5.91541e-22 5.00501e-19 0.868019
8.76 0.100591 6.29374e-05 3.81648e-19 3.21238e-22 3.81648e-19 0.899347
8.88 0.0757048 4.06743e-05 2.87137e-19 1.73607e-22 2.87137e-19 0.924255
9 0.0562642 2.85332e-05 2.13326e-19 9.34601e-23 2.13326e-19 0.943707
9.12 0.0413195 2.19509e-05 1.56601e-19 5.01629e-23 1.56601e-19 0.958659
9.24 0.0299979 1.84024e-05 1.13642e-19 2.68633e-23 1.13642e-19 0.969984
9.36 0.0215371 1.65005e-05 8.15466e-20 1.43624e-23 8.15466e-20 0.978446
9.48 0.0152952 1.54876e-05 5.78763e-20 7.67038e-24 5.78763e-20 0.984689
9.6 0.010747 1.49521e-05 4.06343e-20 4.09377e-24 4.06343e-20 0.989238
9.72 0.0074725 1.46716e-05 2.82255e-20 2.18435e-24 2.82255e-20 0.992513
9.84 0.00514266 1.45263e-05 1.93998e-20 1.1657e-24 1.93998e-20 0.994843
9.96 0.00350403 1.44523e-05 1.31949e-20 6.22484e-25 1.31949e-20 0.996482
10.08 0.0023646 1.44153e-05 8.88219e-21 3.32841e-25 8.88219e-21 0.997621
10.2 0.00158115 1.43973e-05 5.91816e-21 1.78397e-25 5.91816e-21 0.998404
10.32 0.0010484 1.4389e-05 3.90358e-21 9.60305e-26 3.90358e-21 0.998937
10.44 0.000690056 1.43854e-05 2.54922e-21 5.20907e-26 2.54922e-21 0.999296
10.56 0.000451603 1.43841e-05 1.64848e-21 2.8642e-26 1.64848e-21 0.999534
10.68 0.000294598 1.43837e-05 1.05577e-21 1.61235e-26 1.05577e-21 0.999691
10.8 0.000192291 1.43838e-05 6.69787e-22 9.43744e-27 6.69787e-22 0.999793
10.92 0.000126306 1.4384e-05 4.21013e-22 5.86488e-27 4.21013e-22 0.999859
11.04 8.4178e-05 1.43841e-05 2.62302e-22 3.95519e-27 2.62302e-22 0.999901
11.16 5.75566e-05 1.43843e-05 1.62089e-22 2.93409e-27 1.62089e-22 0.999928
11.28 4.09178e-05 1.43844e-05 9.95076e-23 2.3882e-27 9.95076e-23 0.999945
11.4 3.06565e-05 1.43845e-05 6.09465e-23 2.09682e-27 6.09465e-23 0.999955
11.52 2.44573e-05 1.43846e-05 3.76707e-23 1.94228e-27 3.76707e-23 0.999961
11.64 2.08686e-05 1.43846e-05 2.42075e-23 1.86222e-27 2.42075e-23 0.999965
11.76 1.90219e-05 1.43846e-05 1.7284e-23 1.82432e-27 1.7284e-23 0.999967
11.88 1.84564e-05 1.43846e-05 1.51644e-23 1.81323e-27 1.51644e-23 0.999967
