0.750392 4.55289e-05 1.43843e-05 1.21456e-22 2.16803e-27 1.21456e-22 0.99994
0.870392 4.96844e-05 1.43842e-05 1.37699e-22 2.25339e-27 1.37699e-22 0.999936
0.990392 6.19773e-05 1.43841e-05 1.85756e-22 2.52017e-27 1.85756e-22 0.999924
1.11039 8.42494e-05 1.43839e-05 2.72842e-22 3.05346e-27 2.72842e-22 0.999901
1.23039 0.00012039 1.43835e-05 4.1419e-22 4.03814e-27 4.1419e-22 0.999865
1.35039 0.000176813 1.4383e-05 6.34919e-22 5.82438e-27 6.34919e-22 0.999809
1.47039 0.00026334 1.43823e-05 9.73507e-22 9.05591e-27 9.73507e-22 0.999722
1.59039 0.000394553 1.43814e-05 1.48708e-21 1.49086e-26 1.48708e-21 0.999591
1.71039 0.000591705 1.43804e-05 2.25891e-21 2.55292e-26 2.25891e-21 0.999394
1.83039 0.000885345 1.43796e-05 3.40873e-21 4.4841e-26 3.40873e-21 0.9991
1.95039 0.00131884 1.43794e-05 5.10652e-21 8.00213e-26 5.10652e-21 0.998667
2.07039 0.00195301 1.43811e-05 7.59063e-21 1.44215e-25 7.59063e-21 0.998033
2.19039 0.00287205 1.43873e-05 1.11912e-20 2.61518e-25 1.11912e-20 0.997113
2.31039 0.00419107 1.44032e-05 1.63595e-20 4.76118e-25 1.63595e-20 0.995794
2.43039 0.00606537 1.44389e-05 2.37044e-20 8.69076e-25 2.37044e-20 0.99392
2.55039 0.00870151 1.45135e-05 3.40361e-20 1.58906e-24 3.40361e-20 0.991284
2.67039 0.0123704 1.46633e-05 4.84167e-20 2.90851e-24 4.84167e-20 0.987615
2.79039 0.0174216 1.49554e-05 6.82175e-20 5.32611e-24 6.82175e-20 0.982564
2.91039 0.0242989 1.55141e-05 9.51791e-20 9.75266e-24 9.51791e-20 0.975686
3.03039 0.0335547 1.65666e-05 1.31468e-19 1.78468e-23 1.31468e-19 0.966429
3.15039 0.0458612 1.85259e-05 1.79722e-19 3.26169e-23 1.79722e-19 0.95412
3.27039 0.0620135 2.21377e-05 2.43059e-19 5.94907e-23 2.43059e-19 0.937965
3.39039 0.0829171 2.87369e-05 3.25033e-19 1.08194e-22 3.25033e-19 0.917054
3.51039 0.10955 4.06931e-05 4.29481e-19 1.96012e-22 4.29481e-19 0.89041
3.63039 0.142886 6.217e-05 5.60227e-19 3.53341e-22 5.60227e-19 0.857052
3.75039 0.183769 0.000100399 7.20581e-19 6.3301e-22 7.20581e-19 0.816131
3.87039 0.23273 0.000167782 9.1263e-19 1.12556e-21 9.1263e-19 0.767102
3.99039 0.289766 0.000285293 1.13637e-18 1.9839e-21 1.13637e-18 0.709949
4.11039 0.354123 0.000487945 1.38884e-18 3.46243e-21 1.38884e-18 0.645389
4.23039 0.424149 0.000833516 1.66358e-18 5.97881e-21 1.66358e-18 0.575017
4.35039 0.497314 0.00141671 1.95066e-18 1.02126e-20 1.95066e-18 0.501269
4.47039 0.570427 0.00239292 2.23756e-18 1.72683e-20 2.23756e-18 0.42718
4.59039 0.64003 0.00402055 2.51072e-18 2.89616e-20 2.51072e-18 0.355949
4.71039 0.702839 0.00674313 2.75726e-18 4.83737e-20 2.75726e-18 0.290417
4.83039 0.756012 0.0113659 2.96602e-18 8.10499e-20 2.96602e-18 0.232622
4.95039 0.796979 0.0194775 3.12692e-18 1.37908e-19 3.12692e-18 0.183543
5.07039 0.822417 0.0345366 3.2269e-18 2.42875e-19 3.2269e-18 0.143047
5.19039 0.825392 0.0646823 3.23877e-18 4.53041e-19 3.23877e-18 0.109926
5.31039 0.789171 0.128912 3.09683e-18 9.04041e-19 3.09683e-18 0.0819181
5.43039 0.681527 0.262332 2.6746e-18 1.85318e-18 2.6746e-18 0.0561407
5.55039 0.484019 0.484017 1.89963e-18 3.4612e-18 1.89963e-18 0.0319638
5.67039 0.271035 0.714692 1.06382e-18 5.19492e-18 1.06382e-18 0.0142722
5.79039 0.133039 0.861466 5.22222e-19 6.39402e-18 5.22222e-19 0.00549477
5.91039 0.064783 0.933136 2.54297e-19 7.10649e-18 2.54297e-19 0.00208135
6.03039 0.0329312 0.96623 1.29249e-19 7.57774e-18 1.29249e-19 0.000838731
6.15039 0.0175103 0.98212 6.86995e-20 7.93787e-18 6.86995e-20 0.000369665
6.27039 0.00968953 0.990131 3.79907e-20 8.22098e-18 3.79907e-20 0.000179375
6.39039 0.0057157 0.994186 2.23868e-20 8.41758e-18 2.23868e-20 9.87768e-05
6.51039 0.00394092 0.995991 1.54113e-20 8.50714e-18 1.54113e-20 6.86828e-05
6.63039 0.00366293 0.996268 1.42941e-20 8.47721e-18 1.42941e-20 6.95693e-05
6.75039 0.00470824 0.995191 1.83299e-20 8.33232e-18 1.83299e-20 0.000100771
6.87039 0.00733491 0.992486 2.84838e-20 8.09303e-18 2.84838e-20 0.000179019
6.99039 0.0123609 0.987286 4.78684e-20 7.78728e-18 4.78684e-20 0.000353678
7.11039 0.0216505 0.97759 8.35882e-20 7.43729e-18 8.35882e-20 0.000759543
7.23039 0.0394537 0.958764 1.51838e-19 7.04225e-18 1.51838e-19 0.00178248
7.35039 0.0757314 0.919712 2.90574e-19 6.54907e-18 2.90574e-19 0.00455662
7.47039 0.152093 0.835696 5.82124e-19 5.80407e-18 5.82124e-19 0.0122103
7.59039 0.298955 0.669779 1.14224e-18 4.56663e-18 1.14224e-18 0.0312652
7.71039 0.502339 0.430912 1.91719e-18 2.90092e-18 1.91719e-18 0.0667497
7.83039 0.663633 0.225284 2.53092e-18 1.50491e-18 2.53092e-18 0.111083
7.95039 0.734526 0.109478 2.79978e-18 7.29138e-19 2.79978e-18 0.155995
8.07039 0.74242 0.0547281 2.82864e-18 3.64944e-19 2.82864e-18 0.202852
8.19039 0.716 0.0289245 2.72697e-18 1.9359e-19 2.72697e-18 0.255075
8.31039 0.669766 0.0159813 2.55003e-18 1.07391e-19 2.55003e-18 0.314253
8.43039 0.6109 0.00905734 2.3252e-18 6.10369e-20 2.3252e-18 0.380043
8.55039 0.544137 0.00518823 2.07049e-18 3.4995e-20 2.07049e-18 0.450675
8.67039 0.473555 0.00297686 1.80143e-18 2.0049e-20 1.80143e-18 0.523468
8.79039 0.402909 0.00170309 1.53229e-18 1.14189e-20 1.53229e-18 0.595388
8.91039 0.335443 0.000970214 1.27538e-18 6.44995e-21 1.27538e-18 0.663587
9.03039 0.273629 0.000551036 1.04009e-18 3.61046e-21 1.04009e-18 0.72582
9.15039 0.219025 0.000313234 8.32319e-19 2.00324e-21 8.32319e-19 0.780661
9.27039 0.172306 0.000179518 6.54604e-19 1.10253e-21 6.54604e-19 0.827515
9.39039 0.133421 0.000104978 5.06737e-19 6.02528e-22 5.06737e-19 0.866474
9.51039 0.101821 6.3756e-05 3.86607e-19 3.27317e-22 3.86607e-19 0.898115
9.63039 0.0766679 4.11234e-05 2.91009e-19 1.76942e-22 2.91009e-19 0.923291
9.75039 0.0570053 2.87774e-05 2.163e-19 9.52782e-23 2.163e-19 0.942966
9.87039 0.0418812 2.20825e-05 1.58851e-19 5.11484e-23 1.58851e-19 0.958097
9.99039 0.0304179 1.84728e-05 1.15321e-19 2.73952e-23 1.15321e-19 0.969564
10.1104 0.021847 1.65377e-05 8.27842e-20 1.46485e-23 8.27842e-20 0.978136
10.2304 0.015521 1.55071e-05 5.8777e-20 7.82385e-24 5.8777e-20 0.984463
10.3504 0.0109096 1.49621e-05 4.12821e-20 4.17594e-24 4.12821e-20 0.989075
10.4704 0.00758822 1.46767e-05 2.86859e-20 2.22828e-24 2.86859e-20 0.992397
10.5904 0.00522407 1.45288e-05 1.97233e-20 1.18917e-24 1.97233e-20 0.994761
10.7104 0.00356065 1.44535e-05 1.34197e-20 6.35008e-25 1.34197e-20 0.996425
10.8304 0.00240354 1.44158e-05 9.03662e-21 3.39522e-25 9.03662e-21 0.997582
10.9504 0.00160764 1.43976e-05 6.0231e-21 1.81961e-25 6.0231e-21 0.998378
11.0704 0.00106622 1.43891e-05 3.97412e-21 9.79309e-26 3.97412e-21 0.998919
11.1904 0.000701922 1.43854e-05 2.59613e-21 5.31039e-26 2.59613e-21 0.999284
11.3104 0.00045942 1.43841e-05 1.67936e-21 2.91823e-26 1.67936e-21 0.999526
11.4304 0.000299694 1.43837e-05 1.07587e-21 1.64116e-26 1.07587e-21 0.999686
11.5504 0.00019558 1.43837e-05 6.82752e-22 9.59105e-27 6.82752e-22 0.99979
11.6704 0.000128408 1.43839e-05 4.29291e-22 5.94679e-27 4.29291e-22 0.999857
11.7904 8.55086e-05 1.43841e-05 2.67537e-22 3.99886e-27 2.67537e-22 0.9999
11.9104 5.83916e-05 1.43843e-05 1.65371e-22 2.95738e-27 1.65371e-22 0.999927
12.0304 4.14382e-05 1.43844e-05 1.01551e-22 2.40063e-27 1.01551e-22 0.999944
12.1504 3.09799e-05 1.43845e-05 6.22147e-23 2.10347e-27 6.22147e-23 0.999955
12.2704 2.466e-05 1.43846e-05 3.84648e-23 1.94587e-27 3.84648e-23 0.999961
12.3904 2.10006e-05 1.43846e-05 2.47239e-23 1.86423e-27 2.47239e-23 0.999965
12.5104 1.91171e-05 1.43846e-05 1.76561e-23 1.82559e-27 1.76561e-23 0.999967
12.6304 1.85402e-05 1.43846e-05 1.5492e-23 1.81428e-27 1.5492e-23 0.999967
