1.03764 4.21053e-05 1.43843e-05 1.08015e-22 2.12299e-27 1.08015e-22 0.999943
1.15764 4.58079e-05 1.43843e-05 1.22477e-22 2.19892e-27 1.22477e-22 0.99994
1.27764 5.70005e-05 1.43842e-05 1.662e-22 2.44131e-27 1.662e-22 0.999929
1.39764 7.75216e-05 1.43839e-05 2.4638e-22 2.93149e-27 2.4638e-22 0.999908
1.51764 0.000111108 1.43836e-05 3.77644e-22 3.84426e-27 3.77644e-22 0.999875
1.63764 0.000163902 1.43831e-05 5.84032e-22 5.51143e-27 5.84032e-22 0.999822
1.75764 0.00024533 1.43825e-05 9.02447e-22 8.5451e-27 9.02447e-22 0.99974
1.87764 0.000369427 1.43816e-05 1.38784e-21 1.40672e-26 1.38784e-21 0.999616
1.99764 0.00055671 1.43807e-05 2.12055e-21 2.41326e-26 2.12055e-21 0.999429
2.11764 0.000836752 1.43799e-05 3.2164e-21 4.25069e-26 3.2164e-21 0.999149
2.23764 0.00125164 1.43797e-05 4.84026e-21 7.60975e-26 4.84026e-21 0.998734
2.35764 0.00186054 1.43814e-05 7.22387e-21 1.37585e-25 7.22387e-21 0.998125
2.47764 0.00274553 1.43875e-05 1.06889e-20 2.50263e-25 1.06889e-20 0.99724
2.59764 0.00401909 1.44029e-05 1.5676e-20 4.56942e-25 1.5676e-20 0.995967
2.71764 0.00583321 1.44375e-05 2.27808e-20 8.36298e-25 2.27808e-20 0.994152
2.83764 0.00839049 1.45101e-05 3.27974e-20 1.53289e-24 3.27974e-20 0.991595
2.95764 0.011957 1.46559e-05 4.67687e-20 2.8121e-24 4.67687e-20 0.988028
3.07764 0.0168769 1.49407e-05 6.60434e-20 5.16045e-24 6.60434e-20 0.983108
3.19764 0.0235876 1.54863e-05 9.23365e-20 9.46805e-24 9.23365e-20 0.976397
3.31764 0.0326346 1.65155e-05 1.27787e-19 1.73584e-23 1.27787e-19 0.967349
3.43764 0.0446833 1.84344e-05 1.75003e-19 3.17809e-23 1.75003e-19 0.955298
3.55764 0.0605223 2.19765e-05 2.37077e-19 5.80652e-23 2.37077e-19 0.939456
3.67764 0.0810527 2.84579e-05 3.17543e-19 1.05779e-22 3.17543e-19 0.918919
3.79764 0.107252 4.02175e-05 4.20234e-19 1.9195e-22 4.20234e-19 0.892708
3.91764 0.1401 6.13726e-05 5.48995e-19 3.46587e-22 5.48995e-19 0.859838
4.03764 0.180456 9.90861e-05 7.07197e-19 6.2193e-22 7.07197e-19 0.819445
4.15764 0.22888 0.000165663 8.97038e-19 1.1077e-21 8.97038e-19 0.770955
4.27764 0.28541 0.000281956 1.11868e-18 1.9557e-21 1.11868e-18 0.714308
4.39764 0.349344 0.000482832 1.36936e-18 3.41901e-21 1.36936e-18 0.650173
4.51764 0.419088 0.000825928 1.64285e-18 5.91389e-21 1.64285e-18 0.580087
4.63764 0.492154 0.00140585 1.92939e-18 1.01187e-20 1.92939e-18 0.50644
4.75764 0.565375 0.00237801 2.21658e-18 1.71374e-20 2.21658e-18 0.432247
4.87764 0.635284 0.00400102 2.49081e-18 2.87866e-20 2.49081e-18 0.360715
4.99764 0.698557 0.0067189 2.73905e-18 4.81496e-20 2.73905e-18 0.294725
5.11764 0.752289 0.0113377 2.94991e-18 8.07747e-20 2.94991e-18 0.236373
5.23764 0.793851 0.0194467 3.11307e-18 1.37578e-19 3.11307e-18 0.186703
5.35764 0.819866 0.0345041 3.21529e-18 2.42464e-19 3.21529e-18 0.14563
5.47764 0.823381 0.0646435 3.22928e-18 4.52415e-19 3.22928e-18 0.111975
5.59764 0.787685 0.128842 3.0895e-18 9.02728e-19 3.0895e-18 0.0834731
5.71764 0.680615 0.262167 2.66975e-18 1.84999e-18 2.66975e-18 0.0572172
5.83764 0.483708 0.483709 1.89754e-18 3.45463e-18 1.89754e-18 0.0325827
5.95764 0.271071 0.714378 1.0635e-18 5.1854e-18 1.0635e-18 0.0145505
6.07764 0.133167 0.861231 5.22517e-19 6.38287e-18 5.22517e-19 0.00560143
6.19764 0.0649062 0.932973 2.54691e-19 7.09474e-18 2.54691e-19 0.00212112
6.31764 0.0330288 0.966117 1.29595e-19 7.56629e-18 1.29595e-19 0.000854388
6.43764 0.0175811 0.982042 6.89626e-20 7.92775e-18 6.89626e-20 0.000376342
6.55764 0.0097358 0.990081 3.81669e-20 8.21341e-18 3.81669e-20 0.000182382
6.67764 0.00573956 0.99416 2.2479e-20 8.41374e-18 2.2479e-20 0.000100064
6.79764 0.00394321 0.995987 1.54208e-20 8.50782e-18 1.54208e-20 6.89739e-05
6.91764 0.00364235 0.996288 1.42158e-20 8.48253e-18 1.42158e-20 6.90343e-05
7.03764 0.00466005 0.99524 1.81465e-20 8.34168e-18 1.81465e-20 9.91733e-05
7.15764 0.00724847 0.992576 2.81573e-20 8.1054e-18 2.81573e-20 0.000175526
7.27764 0.012214 0.98744 4.73192e-20 7.80154e-18 4.73192e-20 0.000346093
7.39764 0.0213953 0.977863 8.26438e-20 7.45266e-18 8.26438e-20 0.000741918
7.51764 0.038979 0.959283 1.50097e-19 7.05874e-18 1.50097e-19 0.00173774
7.63764 0.0747779 0.920787 2.87098e-19 6.56812e-18 2.87098e-19 0.00443501
7.75764 0.150155 0.837965 5.75094e-19 5.82934e-18 5.75094e-19 0.0118799
7.87764 0.295669 0.67385 1.13048e-18 4.60136e-18 1.13048e-18 0.0304812
7.99764 0.499034 0.435586 1.90593e-18 2.93651e-18 1.90593e-18 0.0653799
8.11764 0.662291 0.228411 2.52762e-18 1.52779e-18 2.52762e-18 0.109298
8.23764 0.735069 0.111049 2.80388e-18 7.40486e-19 2.80388e-18 0.153883
8.35764 0.744137 0.0554781 2.83726e-18 3.70372e-19 2.83726e-18 0.200385
8.47764 0.718461 0.0293037 2.73836e-18 1.96356e-19 2.73836e-18 0.252235
8.59764 0.672741 0.0161877 2.56326e-18 1.08912e-19 2.56326e-18 0.311072
8.71764 0.614221 0.00917592 2.33959e-18 6.19183e-20 2.33959e-18 0.376603
8.83764 0.547641 0.00525827 2.0854e-18 3.55187e-20 2.0854e-18 0.4471
8.95764 0.477078 0.00301859 1.81621e-18 2.03621e-20 1.81621e-18 0.519904
9.07764 0.406296 0.00172788 1.54634e-18 1.16052e-20 1.54634e-18 0.591977
9.19764 0.338569 0.00098481 1.28825e-18 6.55962e-21 1.28825e-18 0.660446
9.31764 0.27641 0.000559526 1.05147e-18 3.67419e-21 1.05147e-18 0.723031
9.43764 0.221418 0.000318109 8.42061e-19 2.03977e-21 8.42061e-19 0.778264
9.55764 0.174306 0.000182283 6.62718e-19 1.1232e-21 6.62718e-19 0.825512
9.67764 0.135052 0.000106527 5.13332e-19 6.14095e-22 5.13332e-19 0.864841
9.79764 0.103123 6.46148e-05 3.91856e-19 3.33724e-22 3.91856e-19 0.896812
9.91764 0.077687 4.15949e-05 2.95109e-19 1.80461e-22 2.95109e-19 0.922271
10.0376 0.0577898 2.90339e-05 2.19451e-19 9.71975e-23 2.19451e-19 0.942181
10.1576 0.0424762 2.22209e-05 1.61237e-19 5.21895e-23 1.61237e-19 0.957502
10.2776 0.0308629 1.85467e-05 1.17103e-19 2.79573e-23 1.17103e-19 0.969119
10.3976 0.0221756 1.65769e-05 8.40977e-20 1.4951e-23 8.40977e-20 0.977808
10.5176 0.0157606 1.55275e-05 5.97333e-20 7.98621e-24 5.97333e-20 0.984224
10.6376 0.0110821 1.49727e-05 4.19701e-20 4.26291e-24 4.19701e-20 0.988903
10.7576 0.00771106 1.4682e-05 2.91752e-20 2.27479e-24 2.91752e-20 0.992274
10.8776 0.00531051 1.45315e-05 2.00673e-20 1.21402e-24 2.00673e-20 0.994675
10.9976 0.0036208 1.44547e-05 1.36587e-20 6.48275e-25 1.36587e-20 0.996365
11.1176 0.00244493 1.44164e-05 9.20091e-21 3.46602e-25 9.20091e-21 0.997541
11.2376 0.0016358 1.43978e-05 6.13479e-21 1.85738e-25 6.13479e-21 0.99835
11.3576 0.00108518 1.43892e-05 4.04922e-21 9.99452e-26 4.04922e-21 0.9989
11.4776 0.000714545 1.43854e-05 2.6461e-21 5.41782e-26 2.6461e-21 0.999271
11.5976 0.000467738 1.4384e-05 1.71225e-21 2.97552e-26 1.71225e-21 0.999518
11.7176 0.000305119 1.43837e-05 1.0973e-21 1.67171e-26 1.0973e-21 0.999681
11.8376 0.000199083 1.43837e-05 6.96575e-22 9.75398e-27 6.96575e-22 0.999787
11.9576 0.000130647 1.43839e-05 4.38119e-22 6.03367e-27 4.38119e-22 0.999855
12.0776 8.69264e-05 1.43841e-05 2.73122e-22 4.04519e-27 2.73122e-22 0.999899
12.1976 5.92816e-05 1.43843e-05 1.68874e-22 2.98209e-27 1.68874e-22 0.999926
12.3176 4.1993e-05 1.43844e-05 1.03732e-22 2.41381e-27 1.03732e-22 0.999944
12.4376 3.13247e-05 1.43845e-05 6.35689e-23 2.11052e-27 6.35689e-23 0.999954
12.5576 2.48762e-05 1.43846e-05 3.9313e-23 1.94968e-27 3.9313e-23 0.999961
12.6776 2.11414e-05 1.43846e-05 2.52757e-23 1.86637e-27 2.52757e-23 0.999964
12.7976 1.92188e-05 1.43846e-05 1.80538e-23 1.82693e-27 1.80538e-23 0.999966
12.9176 1.86297e-05 1.43846e-05 1.5842e-23 1.81539e-27 1.5842e-23 0.999967
