10.5385 2.82794e-05 1.43845e-05 5.35385e-23 1.94744e-27 5.35385e-23 0.999957
10.6585 3.01411e-05 1.43845e-05 6.07366e-23 1.98639e-27 6.07366e-23 0.999955
10.7785 3.61153e-05 1.43844e-05 8.38397e-23 2.11808e-27 8.38397e-23 0.999949
10.8985 4.75216e-05 1.43843e-05 1.27963e-22 2.39462e-27 1.27963e-22 0.999938
11.0185 6.68439e-05 1.43841e-05 2.02739e-22 2.92598e-27 2.02739e-22 0.999919
11.1385 9.81651e-05 1.43839e-05 3.24003e-22 3.92385e-27 3.24003e-22 0.999887
11.2585 0.000147854 1.43835e-05 5.16463e-22 5.7861e-27 5.16463e-22 0.999838
11.3785 0.000225584 1.4383e-05 8.17659e-22 9.25583e-27 8.17659e-22 0.99976
11.4985 0.000345791 1.43825e-05 1.28362e-21 1.57186e-26 1.28362e-21 0.99964
11.6185 0.000529704 1.43821e-05 1.9968e-21 2.7757e-26 1.9968e-21 0.999456
11.7385 0.000808135 1.43822e-05 3.07684e-21 5.01854e-26 3.07684e-21 0.999178
11.8585 0.00122521 1.43838e-05 4.69517e-21 9.19786e-26 4.69517e-21 0.99876
11.9785 0.00184327 1.43886e-05 7.09407e-21 1.69867e-25 7.09407e-21 0.998142
12.0985 0.00274926 1.44007e-05 1.06114e-20 3.15033e-25 1.06114e-20 0.997236
12.2185 0.00406267 1.44274e-05 1.57116e-20 5.85579e-25 1.57116e-20 0.995923
12.3385 0.00594543 1.44835e-05 2.30244e-20 1.0897e-24 2.30244e-20 0.99404
12.4585 0.00861378 1.45968e-05 3.33906e-20 2.02864e-24 3.33906e-20 0.991372
12.5785 0.0123519 1.48198e-05 4.79154e-20 3.77629e-24 4.79154e-20 0.987633
12.6985 0.0175271 1.52505e-05 6.8028e-20 7.02574e-24 6.8028e-20 0.982457
12.8185 0.024606 1.6071e-05 9.55429e-20 1.30585e-23 9.55429e-20 0.975378
12.9385 0.0341684 1.76164e-05 1.32717e-19 2.42352e-23 1.32717e-19 0.965814
13.0585 0.0469182 2.05004e-05 1.8229e-19 4.48848e-23 1.8229e-19 0.953061
13.1785 0.0636837 2.58385e-05 2.47485e-19 8.28985e-23 2.47485e-19 0.93629
13.2985 0.0854006 3.5643e-05 3.31946e-19 1.52556e-22 3.31946e-19 0.914564
13.4185 0.113066 5.3512e-05 4.39555e-19 2.79465e-22 4.39555e-19 0.886881
13.5385 0.147649 8.58135e-05 5.74093e-19 5.0906e-22 5.74093e-19 0.852265
13.6585 0.189954 0.000143689 7.3869e-19 9.20955e-22 7.3869e-19 0.809902
13.7785 0.24042 0.000246384 9.35068e-19 1.65274e-21 9.35068e-19 0.759333
13.8985 0.298895 0.000426716 1.16264e-18 2.93875e-21 1.16264e-18 0.700679
14.0185 0.364419 0.000739975 1.41769e-18 5.17267e-21 1.41769e-18 0.634841
14.1385 0.435107 0.0012785 1.6929e-18 9.00865e-21 1.6929e-18 0.563615
14.2585 0.5082 0.00219613 1.97753e-18 1.55287e-20 1.97753e-18 0.489604
14.3785 0.580317 0.00375152 2.25843e-18 2.65346e-20 2.25843e-18 0.415932
14.4985 0.647851 0.00639103 2.52157e-18 4.51044e-20 2.52157e-18 0.345759
14.6185 0.707323 0.0109252 2.7534e-18 7.67765e-20 2.7534e-18 0.281752
14.7385 0.755402 0.0189462 2.94096e-18 1.32386e-19 2.94096e-18 0.225652
14.8585 0.7881 0.0338979 3.0687e-18 2.35445e-19 3.0687e-18 0.178002
14.9785 0.798149 0.0638361 3.10832e-18 4.41525e-19 3.10832e-18 0.138015
15.0985 0.76903 0.127501 2.99546e-18 8.8184e-19 2.99546e-18 0.103468
15.2185 0.669201 0.259597 2.60718e-18 1.80507e-18 2.60718e-18 0.0712018
15.3385 0.479654 0.479656 1.86925e-18 3.36965e-18 1.86925e-18 0.04069
15.4585 0.271296 0.710492 1.0577e-18 5.06599e-18 1.0577e-18 0.0182127
15.5785 0.13454 0.858455 5.24847e-19 6.24491e-18 5.24847e-19 0.00700512
15.6985 0.0662674 0.93109 2.58709e-19 6.9494e-18 2.58709e-19 0.00264244
15.8185 0.034136 0.964805 1.33373e-19 7.4229e-18 1.33373e-19 0.00105853
15.9385 0.0184095 0.981127 7.19757e-20 7.79751e-18 7.19757e-20 0.000463141
16.0585 0.0103002 0.989478 4.0288e-20 8.11e-18 4.0288e-20 0.000221699
16.1785 0.00605787 0.993824 2.36967e-20 8.35138e-18 2.36967e-20 0.000117528
16.2985 0.00402385 0.995902 1.57355e-20 8.49741e-18 1.57355e-20 7.42441e-05
16.4185 0.00347544 0.996459 1.35812e-20 8.52778e-18 1.35812e-20 6.48845e-05
16.5385 0.00420557 0.99571 1.64175e-20 8.43772e-18 1.64175e-20 8.38035e-05
16.6585 0.00641527 0.993443 2.50113e-20 8.24082e-18 2.50113e-20 0.00014114
16.7785 0.0108131 0.988915 4.20906e-20 7.96286e-18 4.20906e-20 0.000271956
16.8985 0.0190215 0.980406 7.39033e-20 7.62911e-18 7.39033e-20 0.000572539
17.0185 0.0347016 0.963983 1.34544e-19 7.24678e-18 1.34544e-19 0.00131556
17.1385 0.066416 0.930283 2.56968e-19 6.77736e-18 2.56968e-19 0.00330102
17.2585 0.133342 0.85787 5.14976e-19 6.08982e-18 5.14976e-19 0.00878815
17.3785 0.266723 0.710369 1.02874e-18 4.94445e-18 1.02874e-18 0.0229074
17.4985 0.468928 0.479848 1.80704e-18 3.29358e-18 1.80704e-18 0.0512239
17.6185 0.651003 0.259496 2.50723e-18 1.76507e-18 2.50723e-18 0.089501
17.7385 0.74355 0.127027 2.86246e-18 8.60399e-19 2.86246e-18 0.129422
17.8585 0.76564 0.0631968 2.94651e-18 4.28282e-19 2.94651e-18 0.171163
17.9785 0.74863 0.0332497 2.88021e-18 2.26197e-19 2.88021e-18 0.21812
18.0985 0.709237 0.0183701 2.72795e-18 1.25582e-19 2.72795e-18 0.272393
18.2185 0.655273 0.0104539 2.51979e-18 7.17625e-20 2.51979e-18 0.334273
18.3385 0.591414 0.00602885 2.27372e-18 4.14872e-20 2.27372e-18 0.402558
18.4585 0.521587 0.00348718 2.00483e-18 2.40021e-20 2.00483e-18 0.474926
18.5785 0.449591 0.00201169 1.72775e-18 1.38119e-20 1.72775e-18 0.548398
18.6985 0.378976 0.00115485 1.45608e-18 7.88126e-21 1.45608e-18 0.619869
18.8185 0.312717 0.000659985 1.20126e-18 4.45414e-21 1.20126e-18 0.686623
18.9385 0.252949 0.000376581 9.71474e-19 2.49309e-21 9.71474e-19 0.746674
19.0585 0.200879 0.000215822 7.71332e-19 1.38289e-21 7.71332e-19 0.798905
19.1785 0.156869 0.000125504 6.02211e-19 7.60918e-22 6.02211e-19 0.843005
19.2985 0.120634 7.52202e-05 4.63e-19 4.158e-22 4.63e-19 0.879291
19.4185 0.0914678 4.7455e-05 3.50971e-19 2.25904e-22 3.50971e-19 0.908485
19.5385 0.0684489 3.2238e-05 2.62574e-19 1.22158e-22 2.62574e-19 0.931519
19.6585 0.0505937 2.3955e-05 1.94021e-19 6.58121e-23 1.94021e-19 0.949382
19.7785 0.0369577 1.94755e-05 1.41679e-19 3.53538e-23 1.41679e-19 0.963023
19.8985 0.0266913 1.70687e-05 1.02281e-19 1.89507e-23 1.02281e-19 0.973292
20.0185 0.0190645 1.57844e-05 7.3019e-20 1.01423e-23 7.3019e-20 0.98092
20.1385 0.0134701 1.51047e-05 5.15608e-20 5.42236e-24 5.15608e-20 0.986515
20.2585 0.0094167 1.47483e-05 3.60174e-20 2.89718e-24 3.60174e-20 0.990569
20.3785 0.00651473 1.45637e-05 2.48925e-20 1.54767e-24 2.48925e-20 0.993471
20.4985 0.00446133 1.44697e-05 1.70231e-20 8.26962e-25 1.70231e-20 0.995524
20.6185 0.00302505 1.44228e-05 1.15205e-20 4.42232e-25 1.15205e-20 0.996961
20.7385 0.00203177 1.44002e-05 7.7165e-21 2.36892e-25 7.7165e-21 0.997954
20.8585 0.00135252 1.43897e-05 5.11607e-21 1.273e-25 5.11607e-21 0.998633
20.9785 0.000893104 1.43853e-05 3.35799e-21 6.88021e-26 3.35799e-21 0.999093
21.0985 0.000585745 1.43836e-05 2.1823e-21 3.75719e-26 2.1823e-21 0.9994
21.2185 0.000382301 1.43833e-05 1.40446e-21 2.08946e-26 1.40446e-21 0.999603
21.3385 0.000249052 1.43834e-05 8.95257e-22 1.19863e-26 8.95257e-22 0.999737
21.4585 0.000162679 1.43837e-05 5.65368e-22 7.22632e-27 5.65368e-22 0.999823
21.5785 0.000107266 1.43839e-05 3.53847e-22 4.68228e-27 3.53847e-22 0.999878
21.6985 7.20831e-05 1.43842e-05 2.19636e-22 3.32236e-27 2.19636e-22 0.999914
21.8185 4.99927e-05 1.43843e-05 1.35424e-22 2.59561e-27 1.35424e-22 0.999936
21.9385 3.63093e-05 1.43845e-05 8.32966e-23 2.20787e-27 8.32966e-23 0.999949
22.0585 2.80082e-05 1.43845e-05 5.16956e-23 2.00231e-27 5.16956e-23 0.999958
22.1785 2.3184e-05 1.43846e-05 3.33428e-23 1.89585e-27 3.33428e-23 0.999962
22.2985 2.06929e-05 1.43846e-05 2.38704e-23 1.84544e-27 2.38704e-23 0.999965
22.4185 1.99273e-05 1.43846e-05 2.09601e-23 1.83067e-27 2.09601e-23 0.999966
