2.93971 3.36691e-05 1.43845e-05 7.48333e-23 2.01447e-27 7.48333e-23 0.999952
3.05971 3.62503e-05 1.43844e-05 8.48782e-23 2.0676e-27 8.48782e-23 0.999949
3.17971 4.43835e-05 1.43843e-05 1.16532e-22 2.24418e-27 1.16532e-22 0.999941
3.29971 5.97002e-05 1.43842e-05 1.7616e-22 2.61051e-27 1.7616e-22 0.999926
3.41971 8.53233e-05 1.43839e-05 2.75941e-22 3.30691e-27 2.75941e-22 0.9999
3.53971 0.000126369 1.43835e-05 4.35834e-22 4.60187e-27 4.35834e-22 0.999859
3.65971 0.000190752 1.4383e-05 6.86726e-22 6.99609e-27 6.86726e-22 0.999795
3.77971 0.000290382 1.43824e-05 1.07509e-21 1.14174e-26 1.07509e-21 0.999695
3.89971 0.000442853 1.43817e-05 1.66961e-21 1.95825e-26 1.66961e-21 0.999543
4.01971 0.000673791 1.43811e-05 2.57033e-21 3.46676e-26 2.57033e-21 0.999312
4.13971 0.00102002 1.4381e-05 3.92107e-21 6.25511e-26 3.92107e-21 0.998966
4.25971 0.0015338 1.43826e-05 5.92589e-21 1.14115e-25 5.92589e-21 0.998452
4.37971 0.00228826 1.4388e-05 8.87052e-21 2.09505e-25 8.87052e-21 0.997697
4.49971 0.00338447 1.44017e-05 1.31497e-20 3.86024e-25 1.31497e-20 0.996601
4.61971 0.00496008 1.44324e-05 1.93015e-20 7.12713e-25 1.93015e-20 0.995025
4.73971 0.00720002 1.44969e-05 2.80485e-20 1.31729e-24 2.80485e-20 0.992786
4.85971 0.010349 1.46272e-05 4.0347e-20 2.4358e-24 4.0347e-20 0.989636
4.97971 0.0147258 1.48828e-05 5.74432e-20 4.50377e-24 5.74432e-20 0.985259
5.09971 0.0207387 1.53749e-05 8.09333e-20 8.32315e-24 8.09333e-20 0.979246
5.21971 0.0289012 1.63082e-05 1.12824e-19 1.53661e-23 1.12824e-19 0.971083
5.33971 0.0398445 1.80576e-05 1.55585e-19 2.83248e-23 1.55585e-19 0.960138
5.45971 0.054325 2.13047e-05 2.12173e-19 5.2097e-23 2.12173e-19 0.945654
5.57971 0.0732185 2.72797e-05 2.86014e-19 9.55362e-23 2.86014e-19 0.926754
5.69971 0.0974923 3.81841e-05 3.80891e-19 1.74519e-22 3.80891e-19 0.90247
5.81971 0.128144 5.79204e-05 5.00708e-19 3.17237e-22 5.00708e-19 0.871798
5.93971 0.166092 9.33293e-05 6.4906e-19 5.73184e-22 6.4906e-19 0.833815
6.05971 0.212012 0.000156256 8.28594e-19 1.02809e-21 8.28594e-19 0.787832
6.17971 0.266123 0.000266936 1.04018e-18 1.82833e-21 1.04018e-18 0.73361
6.29971 0.32796 0.000459489 1.28199e-18 3.22011e-21 1.28199e-18 0.67158
6.41971 0.396187 0.000790752 1.54882e-18 5.6119e-21 1.54882e-18 0.603022
6.53971 0.468548 0.00135467 1.83186e-18 9.67458e-21 1.83186e-18 0.530097
6.65971 0.542009 0.00230639 2.11925e-18 1.65068e-20 2.11925e-18 0.455684
6.77971 0.613097 0.0039051 2.3974e-18 2.79244e-20 2.3974e-18 0.382998
6.89971 0.678333 0.00659648 2.65271e-18 4.70158e-20 2.65271e-18 0.315071
7.01971 0.734552 0.0111894 2.87282e-18 7.9336e-20 2.87282e-18 0.254259
7.13971 0.77883 0.0192756 3.04626e-18 1.35784e-19 3.04626e-18 0.201894
7.25971 0.80755 0.0343097 3.15889e-18 2.4013e-19 3.15889e-18 0.158141
7.37971 0.813644 0.0643966 3.18305e-18 4.48828e-19 3.18305e-18 0.121959
7.49971 0.780494 0.128418 3.0537e-18 8.95572e-19 3.0537e-18 0.0910883
7.61971 0.676212 0.261276 2.64603e-18 1.83368e-18 2.64603e-18 0.062512
7.73971 0.482182 0.482181 1.8871e-18 3.42236e-18 1.8871e-18 0.0356373
7.85971 0.271212 0.712862 1.06167e-18 5.1393e-18 1.06167e-18 0.0159265
7.97971 0.133752 0.860119 5.23729e-19 6.32923e-18 5.23729e-19 0.00612884
8.09971 0.0654729 0.93221 2.56452e-19 7.03823e-18 2.56452e-19 0.00231741
8.21971 0.0334823 0.965586 1.3118e-19 7.51087e-18 1.3118e-19 0.000931486
8.33971 0.0179145 0.981677 7.01915e-20 7.87817e-18 7.01915e-20 0.000409183
8.45971 0.00995778 0.989845 3.90078e-20 8.1753e-18 3.90078e-20 0.000197214
8.57971 0.00585886 0.994035 2.29382e-20 8.39272e-18 2.29382e-20 0.000106527
8.69971 0.00396361 0.995966 1.55022e-20 8.50792e-18 1.55022e-20 7.06702e-05
8.81971 0.00355869 0.996375 1.38975e-20 8.50471e-18 1.38975e-20 6.69028e-05
8.93971 0.00445276 0.995455 1.73577e-20 8.38352e-18 1.73577e-20 9.22806e-05
9.05971 0.00687336 0.992967 2.67402e-20 8.16208e-18 2.67402e-20 0.000160324
9.17971 0.0115793 0.988108 4.49463e-20 7.86772e-18 4.49463e-20 0.000313207
9.29971 0.0203028 0.979031 7.86072e-20 7.52442e-18 7.86072e-20 0.000666095
9.41971 0.0369719 0.961481 1.42757e-19 7.13545e-18 1.42757e-19 0.00154683
9.53971 0.0707864 0.925295 2.726e-19 6.65528e-18 2.726e-19 0.00391868
9.65971 0.14206 0.847466 5.45864e-19 5.94202e-18 5.45864e-19 0.0104738
9.77971 0.281789 0.69112 1.08105e-18 4.7542e-18 1.08105e-18 0.0270917
9.89971 0.48474 0.45599 1.85774e-18 3.09528e-18 1.85774e-18 0.0592698
10.0197 0.656512 0.242396 2.51435e-18 1.63171e-18 2.51435e-18 0.101091
10.1397 0.737851 0.118146 2.82448e-18 7.92498e-19 2.82448e-18 0.144003
10.2597 0.752378 0.0588811 2.87894e-18 3.95326e-19 2.87894e-18 0.188741
10.3797 0.730217 0.031029 2.7932e-18 2.09111e-19 2.7932e-18 0.238754
10.4997 0.686976 0.0171315 2.627e-18 1.15961e-19 2.627e-18 0.295893
10.6197 0.630173 0.0097215 2.40912e-18 6.60285e-20 2.40912e-18 0.360105
10.7397 0.564554 0.00558282 2.1577e-18 3.79785e-20 2.1577e-18 0.429863
10.8597 0.494164 0.00321338 1.8882e-18 2.18435e-20 1.8882e-18 0.502622
10.9797 0.422806 0.00184443 1.61515e-18 1.24927e-20 1.61515e-18 0.575349
11.0997 0.353879 0.00105387 1.35153e-18 7.08551e-21 1.35153e-18 0.645067
11.2197 0.290085 0.000599932 1.10763e-18 3.98155e-21 1.10763e-18 0.709315
11.3397 0.233232 0.000341429 8.90333e-19 2.21689e-21 8.90333e-19 0.766427
11.4597 0.184216 0.000195562 7.03048e-19 1.2239e-21 7.03048e-19 0.815589
11.5797 0.143155 0.000113995 5.46205e-19 6.70655e-22 5.46205e-19 0.856731
11.6997 0.109604 6.87672e-05 4.18078e-19 3.6516e-22 4.18078e-19 0.890328
11.8197 0.0827713 4.388e-05 3.15636e-19 1.97778e-22 3.15636e-19 0.917185
11.9397 0.0617115 3.02793e-05 2.35254e-19 1.06667e-22 2.35254e-19 0.938258
12.0597 0.0454553 2.28934e-05 1.73221e-19 5.73375e-23 1.73221e-19 0.954522
12.1797 0.0330944 1.89064e-05 1.26066e-19 3.07427e-23 1.26066e-19 0.966887
12.2997 0.0238253 1.67672e-05 9.07143e-20 1.64525e-23 9.07143e-20 0.976158
12.4197 0.016965 1.5627e-05 6.45576e-20 8.79327e-24 6.45576e-20 0.983019
12.5397 0.0119509 1.50239e-05 4.54455e-20 4.69578e-24 4.54455e-20 0.988034
12.6597 0.0083303 1.47078e-05 3.16496e-20 2.5066e-24 3.16496e-20 0.991655
12.7797 0.00574684 1.45441e-05 2.18087e-20 1.338e-24 2.18087e-20 0.994239
12.8997 0.00392476 1.44607e-05 1.48706e-20 7.14535e-25 1.48706e-20 0.996061
13.0197 0.00265431 1.4419e-05 1.00348e-20 3.81993e-25 1.00348e-20 0.997331
13.1397 0.00177845 1.43988e-05 6.70233e-21 2.04633e-25 6.70233e-21 0.998207
13.2597 0.00118131 1.43894e-05 4.4313e-21 1.10031e-25 4.4313e-21 0.998804
13.3797 0.000778633 1.43854e-05 2.90058e-21 5.95611e-26 2.90058e-21 0.999207
13.4997 0.000510015 1.43839e-05 1.87997e-21 3.26277e-26 1.87997e-21 0.999476
13.6197 0.000332721 1.43835e-05 1.2067e-21 1.82499e-26 1.2067e-21 0.999653
13.7397 0.000216921 1.43836e-05 7.67212e-22 1.05719e-26 7.67212e-22 0.999769
13.8597 0.000142062 1.43838e-05 4.8328e-22 6.47003e-27 4.8328e-22 0.999844
13.9797 9.41625e-05 1.43841e-05 3.01722e-22 4.27799e-27 3.01722e-22 0.999891
14.0997 6.38284e-05 1.43842e-05 1.86827e-22 3.10628e-27 1.86827e-22 0.999922
14.2197 4.48297e-05 1.43844e-05 1.14922e-22 2.4801e-27 1.14922e-22 0.999941
14.3397 3.30897e-05 1.43845e-05 7.05236e-23 2.14598e-27 7.05236e-23 0.999953
14.4597 2.59838e-05 1.43846e-05 4.36723e-23 1.96885e-27 4.36723e-23 0.99996
14.5797 2.18632e-05 1.43846e-05 2.81131e-23 1.87711e-27 2.81131e-23 0.999964
14.6997 1.97396e-05 1.43846e-05 2.00991e-23 1.83368e-27 2.00991e-23 0.999966
14.8197 1.90883e-05 1.43846e-05 1.76422e-23 1.82097e-27 1.76422e-23 0.999967
