16.0513 2.73583e-05 1.43845e-05 4.9884e-23 1.93625e-27 4.9884e-23 0.999958
16.1713 2.90968e-05 1.43845e-05 5.65928e-23 1.97282e-27 5.65928e-23 0.999957
16.2913 3.46897e-05 1.43845e-05 7.81802e-23 2.09675e-27 7.81802e-23 0.999951
16.4113 4.53896e-05 1.43843e-05 1.19493e-22 2.35738e-27 1.19493e-22 0.99994
16.5313 6.35498e-05 1.43842e-05 1.8964e-22 2.85888e-27 1.8964e-22 0.999922
16.6513 9.30423e-05 1.43839e-05 3.03613e-22 3.80193e-27 3.03613e-22 0.999893
16.7713 0.000139916 1.43836e-05 4.84839e-22 5.56414e-27 4.84839e-22 0.999846
16.8913 0.000213376 1.43831e-05 7.68978e-22 8.85164e-27 7.68978e-22 0.999772
17.0113 0.000327183 1.43827e-05 1.20936e-21 1.49827e-26 1.20936e-21 0.999658
17.1313 0.000501615 1.43823e-05 1.88459e-21 2.64174e-26 1.88459e-21 0.999484
17.2513 0.000766155 1.43825e-05 2.90898e-21 4.77473e-26 2.90898e-21 0.999219
17.3713 0.00116311 1.4384e-05 4.44663e-21 8.75421e-26 4.44663e-21 0.998822
17.4913 0.00175237 1.43888e-05 6.72991e-21 1.61796e-25 6.72991e-21 0.998233
17.6113 0.00261761 1.44005e-05 1.00834e-20 3.00359e-25 1.00834e-20 0.997368
17.7313 0.00387406 1.44264e-05 1.49545e-20 5.58911e-25 1.49545e-20 0.996111
17.8513 0.00567817 1.44807e-05 2.19505e-20 1.04127e-24 2.19505e-20 0.994307
17.9713 0.00823927 1.45903e-05 3.1884e-20 1.94081e-24 3.1884e-20 0.991746
18.0913 0.011833 1.48062e-05 4.58256e-20 3.61721e-24 4.58256e-20 0.988152
18.2113 0.0168166 1.52233e-05 6.51626e-20 6.73826e-24 6.51626e-20 0.983168
18.3313 0.0236443 1.60183e-05 9.16599e-20 1.25404e-23 9.16599e-20 0.97634
18.4513 0.0328827 1.7517e-05 1.27519e-19 2.33051e-23 1.27519e-19 0.9671
18.5713 0.0452214 2.03166e-05 1.75419e-19 4.32233e-23 1.75419e-19 0.954758
18.6913 0.0614748 2.55045e-05 2.38527e-19 7.99487e-23 2.38527e-19 0.9385
18.8113 0.0825677 3.50459e-05 3.20437e-19 1.4736e-22 3.20437e-19 0.917397
18.9313 0.109493 5.24614e-05 4.2501e-19 2.70406e-22 4.2501e-19 0.890455
19.0513 0.143228 8.39961e-05 5.56051e-19 4.93458e-22 5.56051e-19 0.856688
19.1713 0.184602 0.000140603 7.16788e-19 8.9449e-22 7.16788e-19 0.815257
19.2913 0.234103 0.000241255 9.09129e-19 1.60865e-21 9.09129e-19 0.765655
19.4113 0.291655 0.000418394 1.13278e-18 2.86688e-21 1.13278e-18 0.707927
19.5313 0.356392 0.000726838 1.38441e-18 5.05835e-21 1.38441e-18 0.642881
19.6513 0.426532 0.00125838 1.65709e-18 8.8317e-21 1.65709e-18 0.572209
19.7713 0.499398 0.00216635 1.94044e-18 1.52628e-20 1.94044e-18 0.498435
19.8913 0.571653 0.00370895 2.22148e-18 2.61473e-20 2.22148e-18 0.424638
20.0113 0.639676 0.00633238 2.48616e-18 4.45562e-20 2.48616e-18 0.353991
20.1313 0.69992 0.0108471 2.72069e-18 7.6018e-20 2.72069e-18 0.289233
20.2513 0.748956 0.0188446 2.91173e-18 1.31342e-19 2.91173e-18 0.2322
20.3713 0.782696 0.0337647 3.04339e-18 2.3396e-19 3.04339e-18 0.183539
20.4913 0.793817 0.0636488 3.08717e-18 4.39185e-19 3.08717e-18 0.142535
20.6113 0.765817 0.1272 2.97888e-18 8.7755e-19 2.97888e-18 0.106983
20.7313 0.667236 0.259076 2.59605e-18 1.79653e-18 2.59605e-18 0.0736879
20.8513 0.478928 0.478927 1.86399e-18 3.35456e-18 1.86399e-18 0.0421448
20.9713 0.27129 0.709837 1.05636e-18 5.04542e-18 1.05636e-18 0.0188733
21.0913 0.13473 0.858011 5.2498e-19 6.22146e-18 5.2498e-19 0.00725841
21.2113 0.0664661 0.930798 2.59218e-19 6.92472e-18 2.59218e-19 0.00273616
21.3313 0.0343037 0.964601 1.33912e-19 7.3983e-18 1.33912e-19 0.00109504
21.4513 0.0185396 0.980982 7.24348e-20 7.77457e-18 7.24348e-20 0.000478607
21.5713 0.0103931 0.989378 4.06306e-20 8.09078e-18 4.06306e-20 0.000228737
21.6913 0.00611489 0.993765 2.39122e-20 8.33818e-18 2.39122e-20 0.000120751
21.8113 0.00404606 0.995879 1.58206e-20 8.49221e-18 1.58206e-20 7.54151e-05
21.9313 0.00346223 0.996474 1.35311e-20 8.53158e-18 1.35311e-20 6.45828e-05
22.0513 0.00415347 0.995765 1.62195e-20 8.45013e-18 1.62195e-20 8.19016e-05
22.1713 0.00631606 0.993547 2.46378e-20 8.26025e-18 2.46378e-20 0.000136705
22.2913 0.01065 0.989088 4.14859e-20 7.98713e-18 4.14859e-20 0.000262452
22.4113 0.0187591 0.98069 7.29512e-20 7.65622e-18 7.29512e-20 0.000551282
22.5313 0.0342602 0.964476 1.32979e-19 7.27552e-18 1.32979e-19 0.00126388
22.6513 0.0656087 0.931227 2.54166e-19 6.80791e-18 2.54166e-19 0.00316473
22.7713 0.131791 0.859792 5.09697e-19 6.12437e-18 5.09697e-19 0.00841656
22.8913 0.2641 0.713935 1.02013e-18 4.98566e-18 1.02013e-18 0.0219648
23.0113 0.466297 0.48439 1.79966e-18 3.33519e-18 1.79966e-18 0.0493121
23.1313 0.650578 0.262854 2.50952e-18 1.7932e-18 2.50952e-18 0.0865675
23.2513 0.745613 0.12881 2.87496e-18 8.74898e-19 2.87496e-18 0.125577
23.3713 0.769489 0.0640818 2.96608e-18 4.35443e-19 2.96608e-18 0.166429
23.4913 0.753784 0.033718 2.90475e-18 2.30002e-19 2.90475e-18 0.212498
23.6113 0.715431 0.0186402 2.75627e-18 1.2779e-19 2.75627e-18 0.265929
23.7313 0.662278 0.0106192 2.55092e-18 7.31187e-20 2.55092e-18 0.327103
23.8513 0.598959 0.0061328 2.30655e-18 4.23411e-20 2.30655e-18 0.394908
23.9713 0.529354 0.00355287 2.03809e-18 2.45411e-20 2.03809e-18 0.467093
24.0913 0.457243 0.00205284 1.7601e-18 1.41488e-20 1.7601e-18 0.540704
24.2113 0.386207 0.00118024 1.48637e-18 8.08855e-21 1.48637e-18 0.612613
24.3313 0.31929 0.000675371 1.22859e-18 4.57939e-21 1.22859e-18 0.680035
24.4513 0.258717 0.000385731 9.95322e-19 2.56739e-21 9.95322e-19 0.740897
24.5713 0.205784 0.000221166 7.91525e-19 1.42622e-21 7.91525e-19 0.793994
24.6913 0.160929 0.000128574 6.18864e-19 7.85798e-22 6.18864e-19 0.838943
24.8113 0.123915 7.69574e-05 4.76421e-19 4.29896e-22 4.76421e-19 0.876008
24.9313 0.0940662 4.84247e-05 3.61574e-19 2.338e-22 3.61574e-19 0.905885
25.0513 0.07047 3.27725e-05 2.70803e-19 1.26541e-22 2.70803e-19 0.929497
25.1713 0.0521408 2.4246e-05 2.00309e-19 6.8226e-23 2.00309e-19 0.947835
25.2913 0.0381248 1.9632e-05 1.46415e-19 3.66752e-23 1.46415e-19 0.961856
25.4113 0.02756 1.71517e-05 1.05801e-19 1.96706e-23 1.05801e-19 0.972423
25.5313 0.0197028 1.58278e-05 7.56022e-20 1.0533e-23 7.56022e-20 0.980281
25.6513 0.0139335 1.51268e-05 5.34336e-20 5.63383e-24 5.34336e-20 0.986051
25.7713 0.00974909 1.47593e-05 3.7359e-20 3.01137e-24 3.7359e-20 0.990236
25.8913 0.00675037 1.4569e-05 2.58426e-20 1.60922e-24 2.58426e-20 0.993235
26.0113 0.00462648 1.44721e-05 1.76883e-20 8.60102e-25 1.76883e-20 0.995359
26.1313 0.00313949 1.44238e-05 1.1981e-20 4.60057e-25 1.1981e-20 0.996846
26.2513 0.0021102 1.44005e-05 8.03173e-21 2.46473e-25 8.03173e-21 0.997875
26.3713 0.00140568 1.43897e-05 5.32953e-21 1.32447e-25 5.32953e-21 0.99858
26.4913 0.000928748 1.43852e-05 3.50099e-21 7.15662e-26 3.50099e-21 0.999057
26.6113 0.000609392 1.43835e-05 2.27708e-21 3.90557e-26 2.27708e-21 0.999376
26.7313 0.000397826 1.43832e-05 1.46663e-21 2.16909e-26 1.46663e-21 0.999588
26.8513 0.000259141 1.43833e-05 9.35624e-22 1.24135e-26 9.35624e-22 0.999726
26.9713 0.00016917 1.43836e-05 5.91318e-22 7.45545e-27 5.91318e-22 0.999816
27.0913 0.000111402 1.43839e-05 3.70371e-22 4.80512e-27 3.70371e-22 0.999874
27.2113 7.4696e-05 1.43841e-05 2.30063e-22 3.3882e-27 2.30063e-22 0.999911
27.3313 5.16312e-05 1.43843e-05 1.41957e-22 2.6309e-27 1.41957e-22 0.999934
27.4513 3.73336e-05 1.43844e-05 8.7377e-23 2.22682e-27 8.7377e-23 0.999948
27.5713 2.86535e-05 1.43845e-05 5.42641e-23 2.01258e-27 5.42641e-23 0.999957
27.6913 2.36056e-05 1.43846e-05 3.50195e-23 1.9016e-27 3.50195e-23 0.999962
27.8113 2.09972e-05 1.43846e-05 2.50799e-23 1.84905e-27 2.50799e-23 0.999965
27.9313 2.0195e-05 1.43846e-05 2.20238e-23 1.83364e-27 2.20238e-23 0.999965
