13.457 3.04985e-05 1.43845e-05 6.24958e-23 1.97366e-27 6.24958e-23 0.999955
13.577 3.26569e-05 1.43845e-05 7.08922e-23 2.01825e-27 7.08922e-23 0.999953
13.697 3.95541e-05 1.43844e-05 9.77265e-23 2.16846e-27 9.77265e-23 0.999946
13.817 5.26773e-05 1.43843e-05 1.48798e-22 2.48314e-27 1.48798e-22 0.999933
13.937 7.4834e-05 1.4384e-05 2.35055e-22 3.08654e-27 2.35055e-22 0.999911
14.057 0.00011063 1.43837e-05 3.74463e-22 4.21748e-27 3.74463e-22 0.999875
14.177 0.00016723 1.43833e-05 5.94969e-22 6.32401e-27 5.94969e-22 0.999818
14.297 0.000255476 1.43827e-05 9.38883e-22 1.02412e-26 9.38883e-22 0.99973
14.417 0.000391487 1.43821e-05 1.46912e-21 1.75231e-26 1.46912e-21 0.999594
14.537 0.000598885 1.43816e-05 2.2779e-21 3.10601e-26 2.2779e-21 0.999387
14.657 0.000911813 1.43816e-05 3.49854e-21 5.62293e-26 3.49854e-21 0.999074
14.777 0.00137898 1.43831e-05 5.32129e-21 1.03032e-25 5.32129e-21 0.998607
14.897 0.00206895 1.43881e-05 8.01394e-21 1.90073e-25 8.01394e-21 0.997917
15.017 0.00307691 1.44009e-05 1.19484e-20 3.51947e-25 1.19484e-20 0.996909
15.137 0.00453319 1.44296e-05 1.7634e-20 6.52965e-25 1.7634e-20 0.995452
15.257 0.00661368 1.44899e-05 2.57579e-20 1.21258e-24 2.57579e-20 0.993372
15.377 0.0095522 1.46121e-05 3.72343e-20 2.25243e-24 3.72343e-20 0.990433
15.497 0.0136547 1.48527e-05 5.32589e-20 4.18308e-24 5.32589e-20 0.986331
15.617 0.0193148 1.53172e-05 7.5371e-20 7.76342e-24 7.5371e-20 0.98067
15.737 0.0270298 1.62011e-05 1.05514e-19 1.4392e-23 1.05514e-19 0.972954
15.857 0.037414 1.78633e-05 1.46092e-19 2.66359e-23 1.46092e-19 0.962568
15.977 0.0512079 2.09591e-05 1.99999e-19 4.91842e-23 1.99999e-19 0.948771
16.097 0.0692746 2.66749e-05 2.70613e-19 9.05468e-23 2.70613e-19 0.930699
16.217 0.0925763 3.71425e-05 3.61697e-19 1.66047e-22 3.61697e-19 0.907387
16.337 0.122119 5.61553e-05 4.77187e-19 3.03015e-22 4.77187e-19 0.877825
16.457 0.158849 9.03904e-05 6.20791e-19 5.49638e-22 6.20791e-19 0.841061
16.577 0.203499 0.000151459 7.95378e-19 9.89785e-22 7.95378e-19 0.79635
16.697 0.256376 0.000259285 1.00216e-18 1.76732e-21 1.00216e-18 0.743365
16.817 0.317131 0.000447604 1.23977e-18 3.12537e-21 1.23977e-18 0.682421
16.937 0.384561 0.000772846 1.50353e-18 5.46911e-21 1.50353e-18 0.614666
17.057 0.456528 0.00132861 1.78507e-18 9.46668e-21 1.78507e-18 0.542143
17.177 0.530072 0.00226994 2.07283e-18 1.62157e-20 2.07283e-18 0.467658
17.297 0.601725 0.00385629 2.35325e-18 2.75347e-20 2.35325e-18 0.394419
17.417 0.667936 0.00653423 2.61244e-18 4.65193e-20 2.61244e-18 0.325529
17.537 0.725412 0.011114 2.83751e-18 7.87358e-20 2.83751e-18 0.263474
17.657 0.771078 0.0191885 3.01645e-18 1.3509e-19 3.01645e-18 0.209733
17.777 0.80119 0.0342101 3.13459e-18 2.39319e-19 3.13459e-18 0.1646
17.897 0.808619 0.0642685 3.16402e-18 4.47691e-19 3.16402e-18 0.127112
18.017 0.776788 0.128197 3.03986e-18 8.93298e-19 3.03986e-18 0.0950148
18.137 0.673947 0.260815 2.63781e-18 1.82822e-18 2.63781e-18 0.065239
18.257 0.481396 0.481395 1.88454e-18 3.41134e-18 1.88454e-18 0.0372094
18.377 0.271242 0.712125 1.06213e-18 5.12434e-18 1.06213e-18 0.0166334
18.497 0.134003 0.859598 5.24925e-19 6.31246e-18 5.24925e-19 0.00639883
18.617 0.0657224 0.93186 2.57564e-19 7.02114e-18 2.57564e-19 0.00241744
18.737 0.0336826 0.965347 1.32052e-19 7.49506e-18 1.32052e-19 0.000970576
18.857 0.0180603 0.981514 7.082e-20 7.86577e-18 7.082e-20 0.000425736
18.977 0.0100512 0.989744 3.9412e-20 8.16897e-18 3.9412e-20 0.000204627
19.097 0.00590173 0.993989 2.3132e-20 8.39508e-18 2.3132e-20 0.000109696
19.217 0.0039535 0.995975 1.54827e-20 8.52081e-18 1.54827e-20 7.14002e-05
19.337 0.00348579 0.996449 1.36329e-20 8.52846e-18 1.36329e-20 6.56201e-05
19.457 0.00429462 0.995617 1.67687e-20 8.41674e-18 1.67687e-20 8.83997e-05
19.577 0.00658485 0.993264 2.56634e-20 8.20221e-18 2.56634e-20 0.000151774
19.697 0.01107 0.988636 4.30516e-20 7.91202e-18 4.30516e-20 0.000294507
19.817 0.019381 0.979997 7.51908e-20 7.57118e-18 7.51908e-20 0.000622328
19.937 0.0351999 0.963365 1.36204e-19 7.18556e-18 1.36204e-19 0.00143496
20.057 0.0671382 0.929249 2.59117e-19 6.71492e-18 2.59117e-19 0.00361268
20.177 0.134428 0.855935 5.17677e-19 6.02648e-18 5.17677e-19 0.00963776
20.297 0.268003 0.706889 1.03042e-18 4.8807e-18 1.03042e-18 0.0251079
20.417 0.468673 0.475397 1.80009e-18 3.2377e-18 1.80009e-18 0.0559298
20.537 0.646701 0.256085 2.48217e-18 1.72898e-18 2.48217e-18 0.0972138
20.657 0.734988 0.125077 2.81964e-18 8.41198e-19 2.81964e-18 0.139935
20.777 0.753625 0.0621146 2.89e-18 4.18027e-19 2.89e-18 0.18426
20.897 0.733738 0.0325997 2.81279e-18 2.20201e-19 2.81279e-18 0.233662
21.017 0.691899 0.0179498 2.6516e-18 1.21788e-19 2.6516e-18 0.290151
21.137 0.63601 0.0101724 2.43674e-18 6.92669e-20 2.43674e-18 0.353818
21.257 0.570921 0.00583958 2.18681e-18 3.98346e-20 2.18681e-18 0.423239
21.377 0.500706 0.00336161 1.91739e-18 2.29197e-20 1.91739e-18 0.495933
21.497 0.429195 0.00193015 1.64316e-18 1.31164e-20 1.64316e-18 0.568875
21.617 0.359845 0.00110318 1.37733e-18 7.44445e-21 1.37733e-18 0.639052
21.737 0.295435 0.000628048 1.13054e-18 4.18601e-21 1.13054e-18 0.703936
21.857 0.237862 0.000357297 9.10014e-19 2.33203e-21 9.10014e-19 0.76178
21.977 0.1881 0.000204425 7.19462e-19 1.28803e-21 7.19462e-19 0.811695
22.097 0.146327 0.000118896 5.59545e-19 7.05997e-22 5.59545e-19 0.853554
22.217 0.112134 7.14535e-05 4.2868e-19 3.8446e-22 4.2868e-19 0.887794
22.337 0.0847495 4.53402e-05 3.23899e-19 2.08236e-22 3.23899e-19 0.915205
22.457 0.0632306 3.10672e-05 2.41583e-19 1.12297e-22 2.41583e-19 0.936738
22.577 0.0466033 2.33155e-05 1.77994e-19 6.03513e-23 1.77994e-19 0.953373
22.697 0.0339495 1.9131e-05 1.29614e-19 3.23491e-23 1.29614e-19 0.966031
22.817 0.0244535 1.68859e-05 9.33167e-20 1.73058e-23 9.33167e-20 0.97553
22.937 0.0174207 1.56893e-05 6.64422e-20 9.24526e-24 6.64422e-20 0.982564
23.057 0.0122773 1.50562e-05 4.67935e-20 4.93468e-24 4.67935e-20 0.987708
23.177 0.00856131 1.47244e-05 3.26023e-20 2.63265e-24 3.26023e-20 0.991424
23.297 0.0059084 1.45525e-05 2.24743e-20 1.40443e-24 2.24743e-20 0.994077
23.417 0.00403643 1.44648e-05 1.53301e-20 7.49502e-25 1.53301e-20 0.995949
23.537 0.00273062 1.4421e-05 1.03485e-20 4.00384e-25 1.03485e-20 0.997255
23.657 0.00183 1.43997e-05 6.91402e-21 2.143e-25 6.91402e-21 0.998156
23.777 0.00121575 1.43899e-05 4.57259e-21 1.1511e-25 4.57259e-21 0.99877
23.897 0.000801387 1.43856e-05 2.99385e-21 6.22277e-26 2.99385e-21 0.999184
24.017 0.000524887 1.4384e-05 1.94088e-21 3.40274e-26 1.94088e-21 0.999461
24.137 0.000342337 1.43835e-05 1.24606e-21 1.89843e-26 1.24606e-21 0.999643
24.257 0.000223074 1.43836e-05 7.92373e-22 1.0957e-26 7.92373e-22 0.999763
24.377 0.000145959 1.43838e-05 4.99204e-22 6.67193e-27 4.99204e-22 0.99984
24.497 9.66061e-05 1.4384e-05 3.11701e-22 4.38379e-27 3.11701e-22 0.999889
24.617 6.53471e-05 1.43842e-05 1.93025e-22 3.16172e-27 1.93025e-22 0.99992
24.737 4.5767e-05 1.43844e-05 1.18744e-22 2.50916e-27 1.18744e-22 0.99994
24.857 3.36668e-05 1.43845e-05 7.28758e-23 2.16126e-27 7.28758e-23 0.999952
24.977 2.63431e-05 1.43846e-05 4.51352e-23 1.97697e-27 4.51352e-23 0.999959
25.097 2.20966e-05 1.43846e-05 2.90622e-23 1.88161e-27 2.90622e-23 0.999964
25.217 1.99088e-05 1.43846e-05 2.0786e-23 1.83651e-27 2.0786e-23 0.999966
25.337 1.92383e-05 1.43846e-05 1.82504e-23 1.82332e-27 1.82504e-23 0.999966
