4.33654 4.07235e-05 1.43844e-05 1.03583e-22 2.09846e-27 1.03583e-22 0.999945
4.45654 4.42456e-05 1.43843e-05 1.17463e-22 2.16969e-27 1.17463e-22 0.999941
4.57654 5.52375e-05 1.43842e-05 1.60782e-22 2.40445e-27 1.60782e-22 0.99993
4.69654 7.57765e-05 1.4384e-05 2.41739e-22 2.88864e-27 2.41739e-22 0.99991
4.81654 0.000109875 1.43836e-05 3.76168e-22 3.80432e-27 3.76168e-22 0.999876
4.93654 0.000164082 1.43831e-05 5.89924e-22 5.49846e-27 5.89924e-22 0.999821
5.05654 0.000248465 1.43824e-05 9.22745e-22 8.61508e-27 9.22745e-22 0.999737
5.17654 0.000378051 1.43815e-05 1.43395e-21 1.43415e-26 1.43395e-21 0.999607
5.29654 0.000574854 1.43805e-05 2.21046e-21 2.48633e-26 2.21046e-21 0.999411
5.41654 0.000870666 1.43795e-05 3.37782e-21 4.42031e-26 3.37782e-21 0.999115
5.53654 0.00131078 1.43791e-05 5.1149e-21 7.9766e-26 5.1149e-21 0.998675
5.65654 0.00195889 1.43806e-05 7.67325e-21 1.45187e-25 7.67325e-21 0.998027
5.77654 0.00290339 1.43865e-05 1.1402e-20 2.65574e-25 1.1402e-20 0.997082
5.89654 0.0042653 1.44022e-05 1.67791e-20 4.87151e-25 1.67791e-20 0.99572
6.01654 0.006208 1.44379e-05 2.44501e-20 8.94988e-25 2.44501e-20 0.993778
6.13654 0.00894895 1.45135e-05 3.5274e-20 1.64551e-24 3.5274e-20 0.991037
6.25654 0.0127732 1.46663e-05 5.0377e-20 3.02599e-24 5.0377e-20 0.987212
6.37654 0.0180485 1.49662e-05 7.12118e-20 5.563e-24 7.12118e-20 0.981937
6.49654 0.0252408 1.55421e-05 9.96197e-20 1.02192e-23 9.96197e-20 0.974744
6.61654 0.0349293 1.66307e-05 1.37889e-19 1.87483e-23 1.37889e-19 0.965054
6.73654 0.0478162 1.8662e-05 1.88794e-19 3.43305e-23 1.88794e-19 0.952165
6.85654 0.0647289 2.24123e-05 2.55606e-19 6.26983e-23 2.55606e-19 0.935249
6.97654 0.0866032 2.92703e-05 3.4202e-19 1.1411e-22 3.4202e-19 0.913368
7.09654 0.114439 4.16969e-05 4.51992e-19 2.06751e-22 4.51992e-19 0.885519
7.21654 0.149216 6.40059e-05 5.89388e-19 3.72518e-22 5.89388e-19 0.85072
7.33654 0.19175 0.000103666 7.57439e-19 6.66624e-22 7.57439e-19 0.808147
7.45654 0.242503 0.000173432 9.57973e-19 1.18328e-21 9.57973e-19 0.757323
7.57654 0.301351 0.000294783 1.1905e-18 2.08077e-21 1.1905e-18 0.698354
7.69654 0.367368 0.000503383 1.45136e-18 3.62091e-21 1.45136e-18 0.632128
7.81654 0.438705 0.000857783 1.73326e-18 6.23101e-21 1.73326e-18 0.560437
7.93654 0.512646 0.00145347 2.02546e-18 1.06024e-20 2.02546e-18 0.4859
8.05654 0.585878 0.00244644 2.31488e-18 1.78529e-20 2.31488e-18 0.411675
8.17654 0.654926 0.00409528 2.58777e-18 2.98132e-20 2.58777e-18 0.340978
8.29654 0.716594 0.00684299 2.83153e-18 4.95826e-20 2.83153e-18 0.276562
8.41654 0.768212 0.0114935 3.03557e-18 8.27369e-20 3.03557e-18 0.220294
8.53654 0.807413 0.0196344 3.19057e-18 1.4027e-19 3.19057e-18 0.172952
8.65654 0.831043 0.0347276 3.28403e-18 2.46345e-19 3.28403e-18 0.134229
8.77654 0.832253 0.0649338 3.28889e-18 4.58763e-19 3.28889e-18 0.102813
8.89654 0.794248 0.129316 3.13877e-18 9.15099e-19 3.13877e-18 0.0764361
9.01654 0.684629 0.263079 2.70562e-18 1.87639e-18 2.70562e-18 0.0522927
9.13654 0.485137 0.485135 1.91724e-18 3.50476e-18 1.91724e-18 0.0297285
9.25654 0.270715 0.716028 1.06983e-18 5.26046e-18 1.06983e-18 0.0132572
9.37654 0.132375 0.862523 5.23073e-19 6.47239e-18 5.23073e-19 0.00510213
9.49654 0.064183 0.933883 2.53552e-19 7.19092e-18 2.53552e-19 0.00193396
9.61654 0.0324613 0.966758 1.28176e-19 7.66376e-18 1.28176e-19 0.000780366
9.73654 0.017162 0.982494 6.77157e-20 8.02108e-18 6.77157e-20 0.000344542
9.85654 0.00944476 0.990388 3.72262e-20 8.29628e-18 3.72262e-20 0.000167811
9.97654 0.00555552 0.994351 2.18642e-20 8.47978e-18 2.18642e-20 9.34721e-05
10.0965 0.00384545 0.996088 1.51022e-20 8.5523e-18 1.51022e-20 6.68122e-05
10.2165 0.00360923 0.996321 1.4136e-20 8.50383e-18 1.4136e-20 7.01778e-05
10.3365 0.00466577 0.995231 1.82194e-20 8.34166e-18 1.82194e-20 0.000103997
10.4565 0.00725572 0.992558 2.82444e-20 8.08835e-18 2.82444e-20 0.000186139
10.5765 0.0121574 0.987475 4.7165e-20 7.77268e-18 4.7165e-20 0.000367968
10.6965 0.0211423 0.978069 8.17208e-20 7.41708e-18 8.17208e-20 0.000788932
10.8165 0.0382358 0.959917 1.47226e-19 7.02153e-18 1.47226e-19 0.00184753
10.9365 0.0728696 0.922414 2.79565e-19 6.53606e-18 2.79565e-19 0.00471659
11.0565 0.14568 0.841665 5.57237e-19 5.81338e-18 5.57237e-19 0.0126549
11.1765 0.286859 0.680527 1.09495e-18 4.61272e-18 1.09495e-18 0.0326144
11.2965 0.486508 0.443022 1.85454e-18 2.96459e-18 1.85454e-18 0.0704703
11.4165 0.648566 0.232998 2.47013e-18 1.54713e-18 2.47013e-18 0.118436
11.5365 0.720228 0.112986 2.74132e-18 7.47962e-19 2.74132e-18 0.166786
11.6565 0.727416 0.0561291 2.76728e-18 3.71957e-19 2.76728e-18 0.216455
11.7765 0.699551 0.0294526 2.66012e-18 1.95827e-19 2.66012e-18 0.270997
11.8965 0.651819 0.0161619 2.47767e-18 1.07838e-19 2.47767e-18 0.332019
12.0165 0.591829 0.00910206 2.24885e-18 6.08711e-20 2.24885e-18 0.399068
12.1365 0.524574 0.00518335 1.99264e-18 3.4674e-20 1.99264e-18 0.470242
12.2565 0.454245 0.00295778 1.72495e-18 1.97427e-20 1.72495e-18 0.542797
12.3765 0.384573 0.00168357 1.45994e-18 1.11787e-20 1.45994e-18 0.613743
12.4965 0.31867 0.000954656 1.2094e-18 6.27959e-21 1.2094e-18 0.680375
12.6165 0.258805 0.000540006 9.8192e-19 3.4971e-21 9.8192e-19 0.740655
12.7365 0.206324 0.000305954 7.82573e-19 1.93119e-21 7.82573e-19 0.79337
12.8565 0.161716 0.000174945 6.13192e-19 1.0583e-21 6.13192e-19 0.838109
12.9765 0.1248 0.00010221 4.73066e-19 5.76092e-22 4.73066e-19 0.875097
13.0965 0.0949474 6.21289e-05 3.59786e-19 3.11844e-22 3.59786e-19 0.904991
13.2165 0.0712852 4.01901e-05 2.70026e-19 1.68033e-22 2.70026e-19 0.928675
13.3365 0.0528579 2.82535e-05 2.00145e-19 9.02145e-23 2.00145e-19 0.947114
13.4565 0.0387322 2.17944e-05 1.46595e-19 4.82995e-23 1.46595e-19 0.961246
13.5765 0.0280591 1.83177e-05 1.06146e-19 2.58049e-23 1.06146e-19 0.971923
13.6965 0.0201027 1.64562e-05 7.60034e-20 1.37664e-23 7.60034e-20 0.979881
13.8165 0.0142469 1.54655e-05 5.38267e-20 7.33689e-24 5.38267e-20 0.985738
13.9365 0.00998986 1.49418e-05 3.77109e-20 3.90813e-24 3.77109e-20 0.989995
14.0565 0.00693204 1.46673e-05 2.61395e-20 2.08142e-24 2.61395e-20 0.993053
14.1765 0.00476125 1.4525e-05 1.79282e-20 1.10882e-24 1.79282e-20 0.995224
14.2965 0.00323788 1.44522e-05 1.21684e-20 5.91122e-25 1.21684e-20 0.996748
14.4165 0.00218093 1.44158e-05 8.17405e-21 3.15586e-25 8.17405e-21 0.997805
14.5365 0.00145577 1.43979e-05 5.43497e-21 1.6892e-25 5.43497e-21 0.99853
14.6565 0.000963733 1.43896e-05 3.57741e-21 9.08323e-26 3.57741e-21 0.999022
14.7765 0.000633485 1.43859e-05 2.33138e-21 4.9243e-26 2.33138e-21 0.999352
14.8965 0.000414196 1.43844e-05 1.5045e-21 2.70837e-26 1.5045e-21 0.999571
15.0165 0.000270115 1.4384e-05 9.61566e-22 1.52717e-26 9.61566e-22 0.999715
15.1365 0.000176426 1.43839e-05 6.08774e-22 8.97226e-27 6.08774e-22 0.999809
15.2565 0.000116125 1.43841e-05 3.8188e-22 5.61111e-27 3.8188e-22 0.999869
15.3765 7.77058e-05 1.43842e-05 2.37437e-22 3.8169e-27 2.37437e-22 0.999908
15.4965 5.34778e-05 1.43844e-05 1.46428e-22 2.85882e-27 1.46428e-22 0.999932
15.6165 3.8366e-05 1.43845e-05 8.97154e-23 2.34728e-27 8.97154e-23 0.999947
15.7365 2.90655e-05 1.43845e-05 5.4845e-23 2.07456e-27 5.4845e-23 0.999957
15.8565 2.34583e-05 1.43846e-05 3.38425e-23 1.9301e-27 3.38425e-23 0.999962
15.9765 2.02194e-05 1.43846e-05 2.17212e-23 1.85536e-27 2.17212e-23 0.999965
16.0965 1.85566e-05 1.43846e-05 1.55028e-23 1.82004e-27 1.55028e-23 0.999967
16.2165 1.8049e-05 1.43847e-05 1.36051e-23 1.80973e-27 1.36051e-23 0.999968
