1.35043 6.93852e-05 1.43839e-05 2.19047e-22 2.4598e-27 2.19047e-22 0.999916
1.47043 7.67034e-05 1.43838e-05 2.48226e-22 2.60788e-27 2.48226e-22 0.999909
1.59043 9.80046e-05 1.43836e-05 3.33161e-22 3.06415e-27 3.33161e-22 0.999888
1.71043 0.000135981 1.43831e-05 4.84597e-22 3.96455e-27 4.84597e-22 0.99985
1.83043 0.000196585 1.43825e-05 7.26281e-22 5.60585e-27 7.26281e-22 0.999789
1.95043 0.000289608 1.43816e-05 1.09729e-21 8.54518e-27 1.09729e-21 0.999696
2.07043 0.000429866 1.43804e-05 1.65673e-21 1.37947e-26 1.65673e-21 0.999556
2.19043 0.000638998 1.43789e-05 2.49095e-21 2.31805e-26 2.49095e-21 0.999347
2.31043 0.000948016 1.43771e-05 3.72368e-21 3.99951e-26 3.72368e-21 0.999038
2.43043 0.00140073 1.43754e-05 5.52973e-21 7.01813e-26 5.52973e-21 0.998585
2.55043 0.00205825 1.43745e-05 8.15294e-21 1.24478e-25 8.15294e-21 0.997928
2.67043 0.0030048 1.43761e-05 1.19294e-20 2.22314e-25 1.19294e-20 0.996981
2.79043 0.00435503 1.43838e-05 1.73165e-20 3.98866e-25 1.73165e-20 0.995631
2.91043 0.006263 1.44045e-05 2.4929e-20 7.17854e-25 2.4929e-20 0.993723
3.03043 0.008933 1.44518e-05 3.5582e-20 1.29471e-24 3.5582e-20 0.991052
3.15043 0.0126322 1.45511e-05 5.03414e-20 2.33844e-24 5.03414e-20 0.987353
3.27043 0.0177047 1.47501e-05 7.05804e-20 4.22708e-24 7.05804e-20 0.98228
3.39043 0.0245868 1.51363e-05 9.80394e-20 7.64307e-24 9.80394e-20 0.975398
3.51043 0.0338214 1.58693e-05 1.34884e-19 1.3815e-23 1.34884e-19 0.966162
3.63043 0.0460694 1.72375e-05 1.83752e-19 2.49461e-23 1.83752e-19 0.953913
3.75043 0.062114 1.97578e-05 2.47767e-19 4.49671e-23 2.47767e-19 0.937866
3.87043 0.0828504 2.43487e-05 3.305e-19 8.08445e-23 3.305e-19 0.917125
3.99043 0.109251 3.2627e-05 4.35831e-19 1.44822e-22 4.35831e-19 0.890716
4.11043 0.142294 4.74081e-05 5.67661e-19 2.58198e-22 5.67661e-19 0.857658
4.23043 0.182843 7.35364e-05 7.29432e-19 4.57572e-22 7.29432e-19 0.817083
4.35043 0.231467 0.000119235 9.23418e-19 8.0496e-22 9.23418e-19 0.768413
4.47043 0.288226 0.000198262 1.14985e-18 1.40383e-21 1.14985e-18 0.711576
4.59043 0.352444 0.000333303 1.40603e-18 2.4241e-21 1.40603e-18 0.647223
4.71043 0.422559 0.000561271 1.68573e-18 4.14063e-21 1.68573e-18 0.57688
4.83043 0.496124 0.000941661 1.97918e-18 6.99289e-21 1.97918e-18 0.502935
4.95043 0.570021 0.00157002 2.27394e-18 1.16795e-20 2.27394e-18 0.428409
5.07043 0.640866 0.00260074 2.55651e-18 1.93153e-20 2.55651e-18 0.356534
5.19043 0.705483 0.00428812 2.81421e-18 3.17116e-20 2.81421e-18 0.290229
5.31043 0.761283 0.00706723 3.03672e-18 5.1929e-20 3.03672e-18 0.231651
5.43043 0.806332 0.0117301 3.21633e-18 8.54955e-20 3.21633e-18 0.181938
5.55043 0.838955 0.0198509 3.34634e-18 1.43414e-19 3.34634e-18 0.141195
5.67043 0.856478 0.0348895 3.41609e-18 2.50151e-19 3.41609e-18 0.108633
5.79043 0.852204 0.065061 3.39888e-18 4.64884e-19 3.39888e-18 0.0827352
5.91043 0.809018 0.129655 3.22643e-18 9.29631e-19 3.22643e-18 0.0613262
6.03043 0.693725 0.264374 2.76639e-18 1.91531e-18 2.76639e-18 0.0419002
6.15043 0.488106 0.488108 1.94615e-18 3.5901e-18 1.94615e-18 0.0237857
6.27043 0.269714 0.719698 1.07511e-18 5.39266e-18 1.07511e-18 0.0105884
6.39043 0.130424 0.865501 5.19638e-19 6.63077e-18 5.19638e-19 0.00407494
6.51043 0.0624589 0.935993 2.48652e-19 7.35882e-18 2.48652e-19 0.00154816
6.63043 0.0311608 0.968212 1.2391e-19 7.82802e-18 1.2391e-19 0.000627235
6.75043 0.0162535 0.983467 6.45334e-20 8.16762e-18 6.45334e-20 0.000278907
6.87043 0.00886837 0.990993 3.51439e-20 8.40993e-18 3.51439e-20 0.000138429
6.99043 0.0052614 0.994657 2.07987e-20 8.54728e-18 2.07987e-20 8.14475e-05
7.11043 0.00380193 0.996132 1.498e-20 8.56626e-18 1.498e-20 6.52746e-05
7.23043 0.00380868 0.996113 1.49466e-20 8.46518e-18 1.49466e-20 7.79126e-05
7.35043 0.00513387 0.994741 2.00625e-20 8.25879e-18 2.00625e-20 0.000124338
7.47043 0.00807019 0.9917 3.14018e-20 7.9736e-18 3.14018e-20 0.000229591
7.59043 0.0134932 0.986045 5.22636e-20 7.63805e-18 5.22636e-20 0.000461837
7.71043 0.0233915 0.975601 9.01629e-20 7.27062e-18 9.01629e-20 0.00100713
7.83043 0.0423239 0.955274 1.62334e-19 6.864e-18 1.62334e-19 0.00240245
7.95043 0.0809733 0.912799 3.09167e-19 6.35533e-18 3.09167e-19 0.00622748
8.07043 0.161942 0.821294 6.16092e-19 5.5779e-18 6.16092e-19 0.0167645
8.19043 0.313489 0.644117 1.18972e-18 4.29682e-18 1.18972e-18 0.0423941
8.31043 0.510407 0.401807 1.93406e-18 2.64865e-18 1.93406e-18 0.087786
8.43043 0.652786 0.205638 2.47106e-18 1.34626e-18 2.47106e-18 0.141576
8.55043 0.70634 0.0991494 2.6718e-18 6.47606e-19 2.6718e-18 0.194511
8.67043 0.70197 0.0494047 2.65368e-18 3.231e-19 2.65368e-18 0.248625
8.79043 0.666641 0.0259844 2.51884e-18 1.70426e-19 2.51884e-18 0.307375
8.91043 0.613902 0.0142416 2.31852e-18 9.36483e-20 2.31852e-18 0.371856
9.03043 0.550911 0.00798659 2.07977e-18 5.25715e-20 2.07977e-18 0.441102
9.15043 0.482619 0.00452071 1.82125e-18 2.97232e-20 1.82125e-18 0.51286
9.27043 0.413145 0.00256233 1.55851e-18 1.6783e-20 1.55851e-18 0.584293
9.39043 0.345965 0.00144891 1.30462e-18 9.42257e-21 1.30462e-18 0.652586
9.51043 0.283768 0.000816922 1.06971e-18 5.25015e-21 1.06971e-18 0.715415
9.63043 0.228324 0.000460209 8.60403e-19 2.90194e-21 8.60403e-19 0.771216
9.75043 0.180502 0.000260335 6.79957e-19 1.59179e-21 6.79957e-19 0.819237
9.87043 0.140416 0.000149194 5.28761e-19 8.67182e-22 5.28761e-19 0.859435
9.99043 0.107632 8.78408e-05 4.05153e-19 4.69669e-22 4.05153e-19 0.89228
10.1104 0.0813841 5.41945e-05 3.06229e-19 2.53146e-22 3.06229e-19 0.918562
10.2304 0.060758 3.58502e-05 2.28519e-19 1.35913e-22 2.28519e-19 0.939206
10.3504 0.0448151 2.59005e-05 1.68477e-19 7.27511e-23 1.68477e-19 0.955159
10.4704 0.0326754 2.05298e-05 1.22775e-19 3.88537e-23 1.22775e-19 0.967304
10.5904 0.0235586 1.76442e-05 8.84667e-20 2.07165e-23 8.84667e-20 0.976424
10.7104 0.0168009 1.61012e-05 6.30464e-20 1.10338e-23 6.30464e-20 0.983183
10.8304 0.0118539 1.52806e-05 4.44455e-20 5.87294e-24 4.44455e-20 0.988131
10.9504 0.00827611 1.4847e-05 3.09987e-20 3.12521e-24 3.09987e-20 0.991709
11.0704 0.00571889 1.46197e-05 2.13923e-20 1.66326e-24 2.13923e-20 0.994266
11.1904 0.00391225 1.45017e-05 1.46089e-20 8.85674e-25 1.46089e-20 0.996073
11.3104 0.00265037 1.44413e-05 9.87346e-21 4.7212e-25 9.87346e-21 0.997335
11.4304 0.00177886 1.4411e-05 6.60481e-21 2.52146e-25 6.60481e-21 0.998207
11.5504 0.00118361 1.43961e-05 4.37364e-21 1.35108e-25 4.37364e-21 0.998802
11.6704 0.000781483 1.4389e-05 2.86729e-21 7.28136e-26 2.86729e-21 0.999204
11.7904 0.000512733 1.43859e-05 1.86126e-21 3.96409e-26 1.86126e-21 0.999473
11.9104 0.000335021 1.43846e-05 1.19651e-21 2.19667e-26 1.19651e-21 0.999651
12.0304 0.00021873 1.43842e-05 7.61847e-22 1.25447e-26 7.61847e-22 0.999767
12.1504 0.00014341 1.43841e-05 4.8056e-22 7.51896e-27 4.8056e-22 0.999842
12.2704 9.51177e-05 1.43842e-05 3.00371e-22 4.83657e-27 3.00371e-22 0.999891
12.3904 6.4464e-05 1.43843e-05 1.86105e-22 3.40411e-27 1.86105e-22 0.999921
12.5104 4.52028e-05 1.43844e-05 1.1438e-22 2.63881e-27 1.1438e-22 0.99994
12.6304 3.32307e-05 1.43845e-05 6.98469e-23 2.22995e-27 6.98469e-23 0.999952
12.7504 2.58871e-05 1.43846e-05 4.25611e-23 2.01183e-27 4.25611e-23 0.99996
12.8704 2.14737e-05 1.43846e-05 2.61814e-23 1.89622e-27 2.61814e-23 0.999964
12.9904 1.89319e-05 1.43846e-05 1.67573e-23 1.83637e-27 1.67573e-23 0.999967
13.1104 1.76304e-05 1.43847e-05 1.19361e-23 1.80809e-27 1.19361e-23 0.999968
13.2304 1.72342e-05 1.43847e-05 1.04688e-23 1.79984e-27 1.04688e-23 0.999968
