49.1282 5.9066e-14 3.6393e-14 7.28559e-06 6.60419e-10 7.28559e-06 0.999985
49.2482 6.20583e-14 3.63929e-14 8.25144e-06 6.67866e-10 8.25144e-06 0.999983
49.3682 7.16909e-14 3.63928e-14 1.13614e-05 6.93048e-10 1.13614e-05 0.999977
49.4882 9.01073e-14 3.63924e-14 1.73097e-05 7.45731e-10 1.73097e-05 0.999965
49.6082 1.21325e-13 3.63919e-14 2.73982e-05 8.46387e-10 2.73982e-05 0.999945
49.7282 1.71943e-13 3.63911e-14 4.37654e-05 1.03415e-09 4.37654e-05 0.999912
49.8482 2.52252e-13 3.639e-14 6.97483e-05 1.38205e-09 6.97483e-05 0.99986
49.9682 3.77886e-13 3.63885e-14 0.000110418 2.02546e-09 0.000110418 0.999779
50.0882 5.72174e-13 3.63866e-14 0.000173345 3.21489e-09 0.000173345 0.999653
50.2082 8.69438e-13 3.63846e-14 0.000269671 5.41375e-09 0.000269671 0.999461
50.3282 1.31949e-12 3.6383e-14 0.000415571 9.47937e-09 0.000415571 0.999169
50.4482 1.99367e-12 3.63835e-14 0.000634222 1.69979e-08 0.000634222 0.998732
50.5682 2.99281e-12 3.63896e-14 0.000958389 3.09037e-08 0.000958389 0.998083
50.6882 4.45749e-12 3.64088e-14 0.00143377 5.6625e-08 0.00143377 0.997132
50.8082 6.581e-12 3.64559e-14 0.00212321 1.04199e-07 0.00212321 0.995754
50.9282 9.62526e-12 3.65599e-14 0.00311189 1.92173e-07 0.00311189 0.993776
51.0482 1.394e-11 3.67763e-14 0.00451357 3.54782e-07 0.00451357 0.990973
51.1682 1.99847e-11 3.72096e-14 0.0064778 6.55128e-07 0.0064778 0.987044
51.2882 2.83535e-11 3.80551e-14 0.00919789 1.20925e-06 0.00919789 0.981603
51.4082 3.97999e-11 3.96733e-14 0.0129192 2.22996e-06 0.0129192 0.974159
51.5282 5.526e-11 4.27248e-14 0.0179464 4.10596e-06 0.0179464 0.964103
51.6482 7.58674e-11 4.84109e-14 0.0246489 7.5438e-06 0.0246489 0.950695
51.7682 1.02952e-10 5.88975e-14 0.0334597 1.38196e-05 0.0334597 0.933067
51.8882 1.38005e-10 7.80566e-14 0.0448653 2.52203e-05 0.0448653 0.910244
52.0082 1.82602e-10 1.12742e-13 0.0593789 4.58051e-05 0.0593789 0.881196
52.1282 2.38245e-10 1.74949e-13 0.0774907 8.26969e-05 0.0774907 0.844936
52.2482 3.06124e-10 2.85416e-13 0.0995896 0.000148231 0.0995896 0.800672
52.3682 3.86791e-10 4.79506e-13 0.125858 0.000263461 0.125858 0.748021
52.4882 4.79793e-10 8.16707e-13 0.156149 0.000463778 0.156149 0.687239
52.6082 5.83345e-10 1.39586e-12 0.189885 0.000807838 0.189885 0.619423
52.7282 6.94193e-10 2.37976e-12 0.226007 0.00139182 0.226007 0.546594
52.8482 8.0776e-10 4.03626e-12 0.263028 0.00237283 0.263028 0.47157
52.9682 9.18636e-10 6.81075e-12 0.299187 0.00400979 0.299187 0.397616
53.0882 1.02125e-09 1.1466e-11 0.332668 0.0067417 0.332668 0.327923
53.2082 1.11042e-09 1.93821e-11 0.361787 0.0113562 0.361787 0.265071
53.3282 1.18139e-09 3.32726e-11 0.384988 0.019397 0.384988 0.210628
53.4482 1.22845e-09 5.90291e-11 0.40041 0.034231 0.40041 0.164949
53.5682 1.24077e-09 1.10488e-10 0.404524 0.0638521 0.404524 0.1271
53.6882 1.19288e-09 2.19847e-10 0.389017 0.12715 0.389017 0.0948157
53.8082 1.03523e-09 4.46165e-10 0.337719 0.259593 0.337719 0.064969
53.9282 7.3772e-10 8.18907e-10 0.240772 0.481545 0.240772 0.0369099
54.0482 4.12817e-10 1.19633e-09 0.134824 0.713978 0.134824 0.0163741
54.1682 2.01827e-10 1.41606e-09 0.0659823 0.861801 0.0659823 0.00623473
54.2882 9.7739e-11 1.49665e-09 0.0319967 0.933679 0.0319967 0.00232758
54.4082 4.93933e-11 1.5049e-09 0.0161946 0.966689 0.0161946 0.000921883
54.5282 2.60845e-11 1.48173e-09 0.00856489 0.982473 0.00856489 0.000397665
54.6482 1.42334e-11 1.44793e-09 0.0046792 0.990455 0.0046792 0.000186261
54.7682 8.0469e-12 1.41522e-09 0.00264761 0.99461 0.00264761 9.45919e-05
54.8882 4.93992e-12 1.39105e-09 0.00162598 0.996694 0.00162598 5.43406e-05
55.0082 3.73523e-12 1.38008e-09 0.00122933 0.997501 0.00122933 4.02842e-05
55.1282 3.98807e-12 1.38433e-09 0.00131183 0.997332 0.00131183 4.44419e-05
55.2482 5.76532e-12 1.40323e-09 0.00189467 0.996142 0.00189467 6.89102e-05
55.3682 9.67385e-12 1.43371e-09 0.0031749 0.993523 0.0031749 0.000127525
55.4882 1.71648e-11 1.47027e-09 0.00562355 0.988494 0.00562355 0.000258465
55.6082 3.14032e-11 1.50459e-09 0.0102669 0.978901 0.0102669 0.000565225
55.7282 5.95678e-11 1.52329e-09 0.0194309 0.959793 0.0194309 0.001345
55.8482 1.18519e-10 1.50153e-09 0.0385767 0.919371 0.0385767 0.00347568
55.9682 2.44769e-10 1.39056e-09 0.0795272 0.831565 0.0795272 0.00938092
56.0882 4.88308e-10 1.12234e-09 0.158455 0.659053 0.158455 0.0240379
56.2082 8.20676e-10 7.19524e-10 0.266089 0.416861 0.266089 0.0509607
56.3282 1.08006e-09 3.75677e-10 0.349995 0.21566 0.349995 0.0843492
56.4482 1.19763e-09 1.84015e-10 0.387933 0.105163 0.387933 0.118971
56.5682 1.21966e-09 9.34364e-11 0.394934 0.0534157 0.394934 0.156716
56.6882 1.18983e-09 5.04028e-11 0.385159 0.0289184 0.385159 0.200765
56.8082 1.12889e-09 2.85017e-11 0.365334 0.0164276 0.365334 0.252904
56.9282 1.04631e-09 1.65561e-11 0.338524 0.00957853 0.338524 0.313374
57.0482 9.48043e-10 9.72662e-12 0.306657 0.0056384 0.306657 0.381048
57.1682 8.39573e-10 5.72445e-12 0.271508 0.00331684 0.271508 0.453667
57.2882 7.266e-10 3.3582e-12 0.234922 0.00193884 0.234922 0.528218
57.4082 6.14737e-10 1.96045e-12 0.19871 0.00112297 0.19871 0.601456
57.5282 5.08889e-10 1.14017e-12 0.164459 0.000643773 0.164459 0.670438
57.6482 4.12734e-10 6.6328e-13 0.133354 0.000365288 0.133354 0.732926
57.7682 3.28482e-10 3.88946e-13 0.106108 0.00020529 0.106108 0.787579
57.8882 2.56955e-10 2.32808e-13 0.0829822 0.000114388 0.0829822 0.833921
58.0082 1.97865e-10 1.44843e-13 0.0638827 6.32696e-05 0.0638827 0.872171
58.1282 1.50185e-10 9.57522e-14 0.0484748 3.47805e-05 0.0484748 0.903016
58.2482 1.12486e-10 6.85962e-14 0.0362952 1.90239e-05 0.0362952 0.92739
58.3682 8.32051e-11 5.36989e-14 0.0268376 1.03643e-05 0.0268376 0.946314
58.4882 6.08211e-11 4.55937e-14 0.0196094 5.62912e-06 0.0196094 0.960776
58.6082 4.39552e-11 4.12218e-14 0.0141644 3.0503e-06 0.0141644 0.971668
58.7282 3.14173e-11 3.88864e-14 0.0101177 1.65019e-06 0.0101177 0.979763
58.8482 2.2215e-11 3.76531e-14 0.00714852 8.91791e-07 0.00714852 0.985702
58.9682 1.55436e-11 3.70111e-14 0.00499652 4.81684e-07 0.00499652 0.990006
59.0882 1.07645e-11 3.66831e-14 0.00345541 2.60179e-07 0.00345541 0.993089
59.2082 7.38083e-12 3.65197e-14 0.00236464 1.40633e-07 0.00236464 0.995271
59.3282 5.01253e-12 3.64414e-14 0.00160146 7.61434e-08 0.00160146 0.996797
59.4482 3.37358e-12 3.64059e-14 0.00107352 4.13613e-08 0.00107352 0.997853
59.5682 2.25195e-12 3.63914e-14 0.000712359 2.26024e-08 0.000712359 0.998575
59.6882 1.49273e-12 3.63866e-14 0.000468005 1.24842e-08 0.000468005 0.999064
59.8082 9.84361e-13 3.63862e-14 0.000304463 7.02551e-09 0.000304463 0.999391
59.9282 6.47559e-13 3.63872e-14 0.000196169 4.07988e-09 0.000196169 0.999608
60.0482 4.26754e-13 3.63887e-14 0.000125212 2.48992e-09 0.000125212 0.99975
60.1682 2.835e-13 3.639e-14 7.9203e-05 1.6315e-09 7.9203e-05 0.999842
60.2882 1.91537e-13 3.63911e-14 4.96865e-05 1.168e-09 4.96865e-05 0.999901
60.4082 1.3317e-13 3.63918e-14 3.09653e-05 9.17822e-10 3.09653e-05 0.999938
60.5282 9.66374e-14 3.63924e-14 1.92559e-05 7.83036e-10 1.92559e-05 0.999961
60.6482 7.42579e-14 3.63928e-14 1.20878e-05 7.1091e-10 1.20878e-05 0.999976
60.7682 6.11403e-14 3.6393e-14 7.88897e-06 6.73237e-10 7.88897e-06 0.999984
60.8882 5.4321e-14 3.63931e-14 5.70728e-06 6.55277e-10 5.70728e-06 0.999989
61.0082 5.22165e-14 3.63932e-14 5.03417e-06 6.49991e-10 5.03417e-06 0.99999
