6.25071 7.59292e-14 3.63926e-14 1.29334e-05 6.82758e-10 1.29334e-05 0.999974
6.37071 8.11414e-14 3.63925e-14 1.46439e-05 6.94989e-10 1.46439e-05 0.999971
6.49071 9.75621e-14 3.63922e-14 2.00336e-05 7.35566e-10 2.00336e-05 0.99996
6.61071 1.2843e-13 3.63916e-14 3.0168e-05 8.19365e-10 3.0168e-05 0.99994
6.73071 1.79918e-13 3.63906e-14 4.70789e-05 9.77681e-10 4.70789e-05 0.999906
6.85071 2.62104e-13 3.63892e-14 7.40821e-05 1.26992e-09 7.40821e-05 0.999852
6.97071 3.90503e-13 3.63872e-14 0.000116285 1.80592e-09 0.000116285 0.999767
7.09071 5.88337e-13 3.63846e-14 0.000181335 2.78739e-09 0.000181335 0.999637
7.21071 8.89723e-13 3.63811e-14 0.000280467 4.58402e-09 0.000280467 0.999439
7.33071 1.34406e-12 3.63771e-14 0.000429955 7.87322e-09 0.000429955 0.99914
7.45071 2.02192e-12 3.63733e-14 0.000653049 1.38964e-08 0.000653049 0.998694
7.57071 3.02276e-12 3.63717e-14 0.000982529 2.49286e-08 0.000982529 0.998035
7.69071 4.48495e-12 3.6377e-14 0.001464 4.51387e-08 0.001464 0.997072
7.81071 6.59831e-12 3.63988e-14 0.00216004 8.21643e-08 0.00216004 0.99568
7.93071 9.61969e-12 3.64564e-14 0.00315535 1.49989e-07 0.00315535 0.993689
8.05071 1.38915e-11 3.65874e-14 0.00456284 2.74189e-07 0.00456284 0.990874
8.17071 1.98635e-11 3.68635e-14 0.00653084 5.01481e-07 0.00653084 0.986938
8.29071 2.81167e-11 3.74186e-14 0.00925098 9.17002e-07 0.00925098 0.981497
8.41071 3.93881e-11 3.85007e-14 0.0129665 1.67548e-06 0.0129665 0.974066
8.53071 5.45945e-11 4.05633e-14 0.0179798 3.05702e-06 0.0179798 0.964038
8.65071 7.48478e-11 4.44278e-14 0.0246578 5.56618e-06 0.0246578 0.950679
8.77071 1.01456e-10 5.15684e-14 0.0334324 1.01061e-05 0.0334324 0.933125
8.89071 1.35895e-10 6.46043e-14 0.0447905 1.82804e-05 0.0447905 0.910401
9.01071 1.79731e-10 8.81401e-14 0.0592494 3.29092e-05 0.0592494 0.881468
9.13071 2.34477e-10 1.30173e-13 0.077309 5.88933e-05 0.077309 0.845323
9.25071 3.01358e-10 2.04406e-13 0.0993743 0.000104634 0.0993743 0.801147
9.37071 3.80994e-10 3.33978e-13 0.125651 0.000184315 0.125651 0.748514
9.49071 4.73027e-10 5.57374e-13 0.156022 0.00032149 0.156022 0.687635
9.61071 5.75797e-10 9.37674e-13 0.18994 0.000554655 0.18994 0.619565
9.73071 6.86182e-10 1.57707e-12 0.226377 0.000945863 0.226377 0.546299
9.85071 7.99747e-10 2.64008e-12 0.263871 0.0015943 0.263871 0.470664
9.97071 9.11238e-10 4.39236e-12 0.300687 0.00265855 0.300687 0.395967
10.0907 1.01531e-09 7.26988e-12 0.335062 0.00439597 0.335062 0.32548
10.2107 1.10722e-09 1.20144e-11 0.365431 0.00723929 0.365431 0.261899
10.3307 1.18319e-09 1.99672e-11 0.390546 0.0119646 0.390546 0.206943
10.4507 1.24001e-09 3.37781e-11 0.409344 0.0201028 0.409344 0.161209
10.5707 1.27328e-09 5.92407e-11 0.420376 0.0350264 0.420376 0.124222
10.6907 1.27292e-09 1.10046e-10 0.420306 0.0648183 0.420306 0.0945699
10.8107 1.2133e-09 2.18153e-10 0.400673 0.128681 0.400673 0.0699736
10.9307 1.04409e-09 4.41966e-10 0.344849 0.262623 0.344849 0.0476794
11.0507 7.36371e-10 8.09004e-10 0.243262 0.486522 0.243262 0.0269539
11.1707 4.07038e-10 1.17695e-09 0.134503 0.719079 0.134503 0.0119154
11.2907 1.96523e-10 1.38854e-09 0.0649639 0.865532 0.0649639 0.00454004
11.4107 9.38745e-11 1.46535e-09 0.0310451 0.936206 0.0310451 0.00170316
11.5307 4.66842e-11 1.47337e-09 0.0154446 0.968432 0.0154446 0.000679277
11.6507 2.42111e-11 1.45259e-09 0.00801116 0.983683 0.00801116 0.000295184
11.7707 1.29846e-11 1.42346e-09 0.00429583 0.991269 0.00429583 0.000139755
11.8907 7.2875e-12 1.3975e-09 0.00240964 0.995108 0.00240964 7.31152e-05
12.0107 4.58581e-12 1.38171e-09 0.00151458 0.996925 0.00151458 4.58575e-05
12.1307 3.74583e-12 1.37995e-09 0.0012349 0.99749 0.0012349 4.04695e-05
12.2507 4.36869e-12 1.39323e-09 0.00143691 0.997073 0.00143691 5.32338e-05
12.3707 6.57827e-12 1.42003e-09 0.0021581 0.995594 0.0021581 9.0427e-05
12.4907 1.10664e-11 1.45661e-09 0.00361997 0.992587 0.00361997 0.000173196
12.6107 1.94407e-11 1.49715e-09 0.00633844 0.986966 0.00633844 0.000357237
12.7307 3.5215e-11 1.53295e-09 0.0114402 0.976325 0.0114402 0.000794685
12.8507 6.64233e-11 1.54958e-09 0.0214995 0.955074 0.0214995 0.00192757
12.9707 1.31909e-10 1.51924e-09 0.0425526 0.909832 0.0425526 0.00506252
13.0907 2.71085e-10 1.38758e-09 0.0872208 0.811836 0.0872208 0.0137223
13.2107 5.29773e-10 1.08761e-09 0.170152 0.625144 0.170152 0.0345522
13.3307 8.55348e-10 6.70943e-10 0.27441 0.380701 0.27441 0.0704787
13.4507 1.08391e-09 3.42261e-10 0.347474 0.192536 0.347474 0.112516
13.5707 1.17288e-09 1.66672e-10 0.375783 0.0933771 0.375783 0.155058
13.6907 1.17398e-09 8.45888e-11 0.375957 0.0473975 0.375957 0.200689
13.8107 1.12751e-09 4.54932e-11 0.36093 0.0255597 0.36093 0.252581
13.9307 1.05259e-09 2.55361e-11 0.336823 0.0143917 0.336823 0.311961
14.0507 9.58858e-10 1.4673e-11 0.306727 0.00828594 0.306727 0.378261
14.1707 8.5313e-10 8.50937e-12 0.272819 0.00480528 0.272819 0.449556
14.2907 7.41606e-10 4.93957e-12 0.237083 0.00278198 0.237083 0.523052
14.4107 6.30143e-10 2.85888e-12 0.20139 0.0016002 0.20139 0.595619
14.5307 5.2385e-10 1.64869e-12 0.167371 0.0009125 0.167371 0.664346
14.6507 4.26618e-10 9.49477e-13 0.136265 0.000515534 0.136265 0.726954
14.7707 3.40884e-10 5.49011e-13 0.108848 0.000288655 0.108848 0.782014
14.8907 2.67675e-10 3.21788e-13 0.0854456 0.000160306 0.0854456 0.828948
15.0107 2.06875e-10 1.94038e-13 0.0660159 8.83953e-05 0.0660159 0.86788
15.1307 1.57575e-10 1.22825e-13 0.0502664 4.84519e-05 0.0502664 0.899419
15.2507 1.18421e-10 8.34367e-14 0.0377618 2.64284e-05 0.0377618 0.92445
15.3707 8.78831e-11 6.18081e-14 0.0280121 1.43597e-05 0.0280121 0.943961
15.4907 6.44469e-11 5.00128e-14 0.0205321 7.77896e-06 0.0205321 0.958928
15.6107 4.67227e-11 4.36244e-14 0.0148769 4.20466e-06 0.0148769 0.970242
15.7307 3.34996e-11 4.01897e-14 0.0106593 2.26912e-06 0.0106593 0.978679
15.8507 2.37607e-11 3.83584e-14 0.00755413 1.22334e-06 0.00755413 0.984891
15.9707 1.66761e-11 3.73917e-14 0.00529606 6.59199e-07 0.00529606 0.989407
16.0907 1.15838e-11 3.68878e-14 0.00367364 3.55211e-07 0.00367364 0.992652
16.2107 7.96623e-12 3.66294e-14 0.00252156 1.91516e-07 0.00252156 0.994957
16.3307 5.42576e-12 3.64998e-14 0.00171285 1.03397e-07 0.00171285 0.996574
16.4507 3.66182e-12 3.64368e-14 0.0011516 5.59671e-08 0.0011516 0.997697
16.5707 2.45065e-12 3.64076e-14 0.000766428 3.04353e-08 0.000766428 0.998467
16.6907 1.62813e-12 3.63951e-14 0.000504992 1.66882e-08 0.000504992 0.99899
16.8107 1.07557e-12 3.63905e-14 0.000329463 9.28392e-09 0.000329463 0.999341
16.9307 7.08301e-13 3.63894e-14 0.000212867 5.29428e-09 0.000212867 0.999574
17.0507 4.66742e-13 3.63897e-14 0.00013623 3.14361e-09 0.00013623 0.999728
17.1707 3.09499e-13 3.63905e-14 8.63792e-05 1.98374e-09 8.63792e-05 0.999827
17.2907 2.08188e-13 3.63913e-14 5.42851e-05 1.35795e-09 5.42851e-05 0.999891
17.4107 1.43592e-13 3.63919e-14 3.38383e-05 1.02024e-09 3.38383e-05 0.999932
17.5307 1.02863e-13 3.63924e-14 2.09578e-05 8.3802e-10 2.09578e-05 0.999958
17.6507 7.75347e-14 3.63928e-14 1.29546e-05 7.39875e-10 1.29546e-05 0.999974
17.7707 6.21149e-14 3.6393e-14 8.08678e-06 6.87373e-10 8.08678e-06 0.999984
17.8907 5.31309e-14 3.63932e-14 5.25293e-06 6.59967e-10 5.25293e-06 0.999989
18.0107 4.84874e-14 3.63933e-14 3.78919e-06 6.46921e-10 3.78919e-06 0.999992
18.1307 4.70638e-14 3.63933e-14 3.34059e-06 6.43097e-10 3.34059e-06 0.999993
