16.0513 6.42665e-14 3.63929e-14 9.02404e-06 6.67192e-10 9.02404e-06 0.999982
16.1713 6.79443e-14 3.63928e-14 1.02194e-05 6.76094e-10 1.02194e-05 0.999979
16.2913 7.97059e-14 3.63926e-14 1.40431e-05 7.06031e-10 1.40431e-05 0.999972
16.4113 1.02075e-13 3.63922e-14 2.13177e-05 7.68434e-10 2.13177e-05 0.999957
16.5313 1.39799e-13 3.63915e-14 3.35919e-05 8.87298e-10 3.35919e-05 0.999933
16.6513 2.0066e-13 3.63905e-14 5.34033e-05 1.1084e-09 5.34033e-05 0.999893
16.7713 2.96736e-13 3.63891e-14 8.46938e-05 1.51693e-09 8.46938e-05 0.999831
16.8913 4.46283e-13 3.63872e-14 0.000133422 2.27037e-09 0.000133422 0.999733
17.0113 6.76401e-13 3.63848e-14 0.000208437 3.65934e-09 0.000208437 0.999583
17.1313 1.02673e-12 3.63821e-14 0.000322686 6.21987e-09 0.000322686 0.999355
17.2513 1.55448e-12 3.63797e-14 0.000494861 1.09408e-08 0.000494861 0.99901
17.3713 2.34114e-12 3.63795e-14 0.000751591 1.9646e-08 0.000751591 0.998497
17.4913 3.5012e-12 3.63853e-14 0.0011303 3.56999e-08 0.0011303 0.997739
17.6113 5.19338e-12 3.64054e-14 0.0016829 6.53065e-08 0.0016829 0.996634
17.7313 7.63459e-12 3.6456e-14 0.00248032 1.19901e-07 0.00248032 0.995039
17.8513 1.11171e-11 3.65694e-14 0.00361815 2.2054e-07 0.00361815 0.992764
17.9713 1.60286e-11 3.68068e-14 0.00522327 4.05959e-07 0.00522327 0.989553
18.0913 2.28754e-11 3.72835e-14 0.00746138 7.47273e-07 0.00746138 0.985077
18.2113 3.23076e-11 3.8214e-14 0.0105452 1.37473e-06 0.0105452 0.978908
18.3313 4.51435e-11 3.99935e-14 0.0147427 2.5261e-06 0.0147427 0.970512
18.4513 6.23909e-11 4.33432e-14 0.0203838 4.63355e-06 0.0203838 0.959228
18.5713 8.52572e-11 4.95681e-14 0.027864 8.47827e-06 0.027864 0.944263
18.6913 1.15139e-10 6.10097e-14 0.0376407 1.54625e-05 0.0376407 0.924703
18.8113 1.53572e-10 8.18275e-14 0.0502174 2.80816e-05 0.0502174 0.899537
18.9313 2.0213e-10 1.19333e-13 0.0661097 5.07301e-05 0.0661097 0.86773
19.0513 2.62234e-10 1.86224e-13 0.0857841 9.10518e-05 0.0857841 0.828341
19.1713 3.34884e-10 3.04253e-13 0.109569 0.000162156 0.109569 0.780699
19.2913 4.20304e-10 5.1016e-13 0.13754 0.00028618 0.13754 0.724634
19.4113 5.17578e-10 8.65122e-13 0.169398 0.000499929 0.169398 0.660703
19.5313 6.24381e-10 1.46975e-12 0.204385 0.000863724 0.204385 0.590367
19.6513 7.36934e-10 2.48823e-12 0.241263 0.00147544 0.241263 0.515998
19.7713 8.50305e-10 4.18847e-12 0.278421 0.0024935 0.278421 0.440665
19.8913 9.59005e-10 7.01338e-12 0.314059 0.00417721 0.314059 0.367704
20.0113 1.05771e-09 1.17189e-11 0.346435 0.0069644 0.346435 0.300165
20.1313 1.14175e-09 1.96717e-11 0.374022 0.0116399 0.374022 0.240316
20.2513 1.207e-09 3.35622e-11 0.395458 0.0197449 0.395458 0.189338
20.3713 1.2483e-09 5.92468e-11 0.40906 0.0346524 0.40906 0.147227
20.4913 1.25516e-09 1.10507e-10 0.411389 0.0643971 0.411389 0.112825
20.6113 1.20211e-09 2.19439e-10 0.394083 0.127995 0.394083 0.0838382
20.7313 1.03933e-09 4.44772e-10 0.34081 0.261097 0.34081 0.0572831
20.8513 7.37396e-10 8.15024e-10 0.241884 0.483769 0.241884 0.0324631
20.9713 4.10635e-10 1.18831e-09 0.134766 0.71609 0.134766 0.0143787
21.0913 1.99811e-10 1.40462e-09 0.0656239 0.863275 0.0656239 0.00547714
21.2113 9.62625e-11 1.4837e-09 0.0316456 0.93466 0.0316456 0.00204935
21.3313 4.83448e-11 1.49189e-09 0.0159093 0.967367 0.0159093 0.000814238
21.4513 2.53463e-11 1.46966e-09 0.00834846 0.982951 0.00834846 0.000352345
21.5713 1.37304e-11 1.43767e-09 0.00452527 0.990784 0.00452527 0.000165688
21.6913 7.73146e-12 1.40759e-09 0.00254873 0.994817 0.00254873 8.49886e-05
21.8113 4.78193e-12 1.38674e-09 0.001576 0.996798 0.001576 5.03332e-05
21.9313 3.71934e-12 1.3795e-09 0.00122479 0.99751 0.00122479 3.98672e-05
22.0513 4.11427e-12 1.38748e-09 0.0013531 0.997246 0.0013531 4.73842e-05
22.1713 6.05201e-12 1.40973e-09 0.00198715 0.995949 0.00198715 7.65794e-05
22.2913 1.01652e-11 1.44288e-09 0.00333107 0.993194 0.00333107 0.000143908
22.4113 1.79498e-11 1.4813e-09 0.00586801 0.98797 0.00586801 0.000293629
22.5313 3.26674e-11 1.51654e-09 0.0106504 0.978053 0.0106504 0.00064584
22.6513 6.17311e-11 1.53497e-09 0.0200684 0.958316 0.0200684 0.0015468
22.7713 1.22544e-10 1.51088e-09 0.0397316 0.916517 0.0397316 0.00402016
22.8913 2.52421e-10 1.39379e-09 0.0816638 0.825798 0.0816638 0.0108741
23.0113 5.00198e-10 1.11552e-09 0.161583 0.649095 0.161583 0.0277399
23.1313 8.30268e-10 7.06968e-10 0.267949 0.405949 0.267949 0.0581521
23.2513 1.07952e-09 3.66366e-10 0.348164 0.208497 0.348164 0.0951743
23.3713 1.18715e-09 1.79002e-10 0.382692 0.10143 0.382692 0.133187
23.4913 1.20139e-09 9.07836e-11 0.387129 0.0514548 0.387129 0.174288
23.6113 1.16497e-09 4.88617e-11 0.37526 0.0277834 0.37526 0.221697
23.7313 1.09818e-09 2.75239e-11 0.353638 0.0157125 0.353638 0.277012
23.8513 1.0107e-09 1.59063e-11 0.325371 0.00910791 0.325371 0.34015
23.9713 9.08901e-10 9.28995e-12 0.29252 0.00532548 0.29252 0.409635
24.0913 7.98663e-10 5.43358e-12 0.256974 0.00311054 0.256974 0.482942
24.2113 6.85843e-10 3.16809e-12 0.220617 0.00180524 0.220617 0.556961
24.3313 5.75915e-10 1.83906e-12 0.185209 0.00103832 0.185209 0.628543
24.4513 4.73407e-10 1.06452e-12 0.152205 0.000591342 0.152205 0.694999
24.5713 3.81483e-10 6.17249e-13 0.122619 0.000333515 0.122619 0.754428
24.6913 3.0184e-10 3.61548e-13 0.0969941 0.000186415 0.0969941 0.805825
24.8113 2.34875e-10 2.16827e-13 0.0754541 0.00010337 0.0754541 0.848988
24.9313 1.80005e-10 1.35691e-13 0.0578098 5.69337e-05 0.0578098 0.884323
25.0513 1.36037e-10 9.0599e-14 0.0436751 3.11822e-05 0.0436751 0.912619
25.1713 1.01482e-10 6.57414e-14 0.0325691 1.70013e-05 0.0325691 0.934845
25.2913 7.47829e-11 5.21432e-14 0.0239906 9.23665e-06 0.0239906 0.95201
25.4113 5.44684e-11 4.4761e-14 0.0174652 5.00464e-06 0.0174652 0.965065
25.5313 3.92279e-11 4.07854e-14 0.0125711 2.70626e-06 0.0125711 0.974855
25.6513 2.79441e-11 3.86637e-14 0.00894867 1.46141e-06 0.00894867 0.982101
25.7713 1.96945e-11 3.75436e-14 0.00630112 7.88532e-07 0.00630112 0.987397
25.8913 1.3736e-11 3.69601e-14 0.00438953 4.25337e-07 0.00438953 0.991221
26.0113 9.48321e-12 3.66615e-14 0.00302563 2.29485e-07 0.00302563 0.993949
26.1313 6.48292e-12 3.65123e-14 0.00206378 1.23935e-07 0.00206378 0.995872
26.2513 4.39033e-12 3.64402e-14 0.0013932 6.70686e-08 0.0013932 0.997214
26.3713 2.94719e-12 3.64072e-14 0.000930941 3.64329e-08 0.000930941 0.998138
26.4913 1.96291e-12 3.63934e-14 0.000615807 1.99273e-08 0.000615807 0.998768
26.6113 1.29889e-12 3.63886e-14 0.000403316 1.10328e-08 0.000403316 0.999193
26.7313 8.55723e-13 3.63878e-14 0.000261575 6.23835e-09 0.000261575 0.999477
26.8513 5.63067e-13 3.63885e-14 0.000168026 3.65312e-09 0.000168026 0.999664
26.9713 3.71813e-13 3.63896e-14 0.000106929 2.25865e-09 0.000106929 0.999786
27.0913 2.48116e-13 3.63906e-14 6.744e-05 1.50623e-09 6.744e-05 0.999865
27.2113 1.68951e-13 3.63915e-14 4.21853e-05 1.10019e-09 4.21853e-05 0.999916
27.3313 1.18857e-13 3.63921e-14 2.62164e-05 8.81124e-10 2.62164e-05 0.999948
27.4513 8.75935e-14 3.63926e-14 1.62584e-05 7.63153e-10 1.62584e-05 0.999967
27.5713 6.84966e-14 3.63929e-14 1.01804e-05 7.00054e-10 1.01804e-05 0.99998
27.6913 5.73342e-14 3.63931e-14 6.63022e-06 6.67114e-10 6.63022e-06 0.999987
27.8113 5.15472e-14 3.63932e-14 4.79075e-06 6.51426e-10 4.79075e-06 0.99999
27.9313 4.9767e-14 3.63932e-14 4.22506e-06 6.46818e-10 4.22506e-06 0.999992
