2.93971 9.59722e-14 3.63921e-14 1.9666e-05 7.10258e-10 1.9666e-05 0.99996
3.05971 1.03812e-13 3.63919e-14 2.22605e-05 7.28339e-10 2.22605e-05 0.999955
3.17971 1.27868e-13 3.63914e-14 3.02221e-05 7.86845e-10 3.02221e-05 0.999939
3.29971 1.72217e-13 3.63905e-14 4.49033e-05 9.05593e-10 4.49033e-05 0.99991
3.41971 2.4491e-13 3.63892e-14 6.8974e-05 1.12658e-09 6.8974e-05 0.999862
3.53971 3.59062e-13 3.63872e-14 0.000106784 1.52889e-09 0.000106784 0.999786
3.65971 5.34667e-13 3.63843e-14 0.000164965 2.25729e-09 0.000164965 0.99967
3.77971 8.0128e-13 3.63805e-14 0.000253322 3.57476e-09 0.000253322 0.999493
3.89971 1.20177e-12 3.63757e-14 0.000386081 5.95843e-09 0.000386081 0.999228
4.01971 1.79742e-12 3.63699e-14 0.000583577 1.02739e-08 0.000583577 0.998833
4.13971 2.67466e-12 3.63643e-14 0.000874501 1.80924e-08 0.000874501 0.998251
4.25971 3.95386e-12 3.63611e-14 0.00129881 3.22663e-08 0.00129881 0.997403
4.37971 5.80045e-12 3.6366e-14 0.00191142 5.79758e-08 0.00191142 0.996177
4.49971 8.43876e-12 3.63903e-14 0.00278682 1.04626e-07 0.00278682 0.994427
4.61971 1.21689e-11 3.64572e-14 0.00402465 1.89285e-07 0.00402465 0.991951
4.73971 1.73863e-11 3.66107e-14 0.00575628 3.42897e-07 0.00575628 0.988487
4.85971 2.46046e-11 3.69347e-14 0.00815226 6.21474e-07 0.00815226 0.983695
4.97971 3.44794e-11 3.75846e-14 0.0114304 1.12617e-06 0.0114304 0.977138
5.09971 4.78326e-11 3.88457e-14 0.0158636 2.03909e-06 0.0158636 0.968271
5.21971 6.56719e-11 4.12351e-14 0.0217868 3.68666e-06 0.0217868 0.956423
5.33971 8.92e-11 4.56811e-14 0.0295995 6.65075e-06 0.0295995 0.940794
5.45971 1.19802e-10 5.38326e-14 0.039762 1.19613e-05 0.039762 0.920464
5.57971 1.58996e-10 6.8588e-14 0.0527787 2.14252e-05 0.0527787 0.894421
5.69971 2.08325e-10 9.49813e-14 0.0691624 3.81785e-05 0.0691624 0.861637
5.81971 2.69169e-10 1.41643e-13 0.0893725 6.75948e-05 0.0893725 0.821187
5.93971 3.42473e-10 2.23153e-13 0.113723 0.000118746 0.113723 0.772435
6.05971 4.28391e-10 3.63766e-13 0.142266 0.000206702 0.142266 0.715262
6.17971 5.25933e-10 6.03205e-13 0.174672 0.000356077 0.174672 0.650299
6.29971 6.32708e-10 1.00561e-12 0.21015 0.000606445 0.21015 0.579093
6.41971 7.44922e-10 1.67345e-12 0.247439 0.00102063 0.247439 0.504102
6.53971 8.57704e-10 2.76986e-12 0.28492 0.00169777 0.28492 0.428462
6.65971 9.65761e-10 4.55601e-12 0.320836 0.00279481 0.320836 0.355533
6.77971 1.06414e-09 7.45854e-12 0.353542 0.00456491 0.353542 0.288351
6.89971 1.14886e-09 1.22024e-11 0.381711 0.00743304 0.381711 0.229146
7.01971 1.21701e-09 2.01013e-11 0.404378 0.0121632 0.404378 0.17908
7.13971 1.26619e-09 3.37614e-11 0.420746 0.0202711 0.420746 0.138238
7.25971 1.29259e-09 5.89111e-11 0.429546 0.0351213 0.429546 0.105787
7.37971 1.28635e-09 1.09151e-10 0.427501 0.0648316 0.427501 0.0801664
7.49971 1.22165e-09 2.16333e-10 0.406024 0.128782 0.406024 0.0591704
7.61971 1.04747e-09 4.38717e-10 0.348161 0.263406 0.348161 0.0402724
7.73971 7.34982e-10 8.03232e-10 0.244315 0.488632 0.244315 0.0227377
7.85971 4.03357e-10 1.16691e-09 0.134093 0.721779 0.134093 0.0100357
7.97971 1.93186e-10 1.37437e-09 0.0642287 0.86772 0.0642287 0.00382307
8.09971 9.14766e-11 1.44903e-09 0.0304137 0.937736 0.0304137 0.00143653
8.21971 4.50532e-11 1.45688e-09 0.0149768 0.969472 0.0149768 0.000574493
8.33971 2.31298e-11 1.43757e-09 0.00768572 0.984378 0.00768572 0.000250562
8.45971 1.23015e-11 1.41131e-09 0.0040845 0.991711 0.0040845 0.000119589
8.57971 6.90494e-12 1.38939e-09 0.00228982 0.995356 0.00228982 6.41761e-05
8.69971 4.44494e-12 1.37841e-09 0.00147119 0.997014 0.00147119 4.30757e-05
8.81971 3.82151e-12 1.38166e-09 0.00126139 0.997435 0.00126139 4.22938e-05
8.93971 4.6716e-12 1.39957e-09 0.00153707 0.996865 0.00153707 6.03674e-05
9.05971 7.16563e-12 1.43017e-09 0.00234966 0.995194 0.00234966 0.000106296
9.17971 1.207e-11 1.46946e-09 0.00394318 0.991907 0.00394318 0.000206667
9.29971 2.11398e-11 1.51142e-09 0.00687794 0.985813 0.00687794 0.000431026
9.41971 3.82295e-11 1.54695e-09 0.0123838 0.974261 0.0123838 0.000971213
9.53971 7.22185e-11 1.56056e-09 0.0232919 0.951027 0.0232919 0.00238895
9.65971 1.43871e-10 1.52161e-09 0.0462222 0.901215 0.0462222 0.00634043
9.77971 2.95124e-10 1.37122e-09 0.0945374 0.793744 0.0945374 0.0171809
9.89971 5.6668e-10 1.0462e-09 0.181172 0.595201 0.181172 0.0424545
10.0197 8.84878e-10 6.25103e-10 0.282556 0.351191 0.282556 0.0836977
10.1397 1.08966e-09 3.13674e-10 0.347656 0.174767 0.347656 0.129921
10.2597 1.15916e-09 1.52476e-10 0.369599 0.0846238 0.369599 0.176177
10.3797 1.14746e-09 7.75903e-11 0.365676 0.0430648 0.365676 0.225583
10.4997 1.09189e-09 4.17766e-11 0.347812 0.0232386 0.347812 0.281138
10.6197 1.01015e-09 2.3409e-11 0.321643 0.013052 0.321643 0.343662
10.7397 9.11703e-10 1.33971e-11 0.290188 0.00747782 0.290188 0.412146
10.8597 8.0356e-10 7.72861e-12 0.255677 0.00430942 0.255677 0.484337
10.9797 6.92014e-10 4.4608e-12 0.220111 0.00247777 0.220111 0.557301
11.0997 5.82735e-10 2.56768e-12 0.185291 0.00141536 0.185291 0.628002
11.2197 4.80372e-10 1.4739e-12 0.152694 0.000801762 0.152694 0.693811
11.3397 3.88203e-10 8.4615e-13 0.123356 0.000450216 0.123356 0.752838
11.4597 3.08039e-10 4.88872e-13 0.0978505 0.000250714 0.0978505 0.804048
11.5797 2.40383e-10 2.87301e-13 0.076333 0.000138577 0.076333 0.847195
11.6997 1.84749e-10 1.7453e-13 0.0586453 7.61057e-05 0.0586453 0.882633
11.8197 1.40016e-10 1.11928e-13 0.0444281 4.15744e-05 0.0444281 0.911102
11.9397 1.04741e-10 7.74219e-14 0.033221 2.26135e-05 0.033221 0.933535
12.0597 7.73995e-11 5.85257e-14 0.0245372 1.22588e-05 0.0245372 0.950913
12.1797 5.65309e-11 4.82425e-14 0.0179116 6.62864e-06 0.0179116 0.96417
12.2997 4.08267e-11 4.26819e-14 0.0129275 3.57768e-06 0.0129275 0.974141
12.4197 2.91644e-11 3.96955e-14 0.00922757 1.92859e-06 0.00922757 0.981543
12.5397 2.06122e-11 3.81041e-14 0.00651541 1.03888e-06 0.00651541 0.986968
12.6597 1.44166e-11 3.72641e-14 0.00455141 5.59483e-07 0.00455141 0.990897
12.7797 9.98116e-12 3.6826e-14 0.00314598 3.01384e-07 0.00314598 0.993708
12.8997 6.84244e-12 3.66011e-14 0.00215191 1.62489e-07 0.00215191 0.995696
13.0197 4.64658e-12 3.6488e-14 0.0014568 8.77559e-08 0.0014568 0.997086
13.1397 3.12753e-12 3.64328e-14 0.000976185 4.75424e-08 0.000976185 0.998048
13.2597 2.08827e-12 3.6407e-14 0.00064756 2.58988e-08 0.00064756 0.998705
13.3797 1.38498e-12 3.63958e-14 0.000425305 1.42458e-08 0.000425305 0.999149
13.4997 9.14132e-13 3.63915e-14 0.000276605 7.96907e-09 0.000276605 0.999447
13.6197 6.02227e-13 3.63904e-14 0.000178168 4.58647e-09 0.000178168 0.999644
13.7397 3.97749e-13 3.63906e-14 0.000113682 2.7626e-09 0.000113682 0.999773
13.8597 2.65065e-13 3.63911e-14 7.18716e-05 1.77866e-09 7.18716e-05 0.999856
13.9797 1.79842e-13 3.63917e-14 4.50391e-05 1.24758e-09 4.50391e-05 0.99991
14.0997 1.25665e-13 3.63922e-14 2.7997e-05 9.60846e-10 2.7997e-05 0.999944
14.2197 9.16047e-14 3.63926e-14 1.72931e-05 8.06053e-10 1.72931e-05 0.999965
14.3397 7.04814e-14 3.63929e-14 1.06615e-05 7.22633e-10 1.06615e-05 0.999979
14.4597 5.76557e-14 3.63931e-14 6.63886e-06 6.77984e-10 6.63886e-06 0.999987
14.5797 5.02013e-14 3.63932e-14 4.30299e-06 6.54668e-10 4.30299e-06 0.999991
14.6997 4.63571e-14 3.63933e-14 3.09927e-06 6.4357e-10 3.09927e-06 0.999994
14.8197 4.51813e-14 3.63933e-14 2.73122e-06 6.40319e-10 2.73122e-06 0.999995
