35.3462 5.82147e-14 3.6393e-14 7.00057e-06 6.59341e-10 7.00057e-06 0.999986
35.4662 6.10947e-14 3.6393e-14 7.92876e-06 6.66554e-10 7.92876e-06 0.999984
35.5862 7.03748e-14 3.63928e-14 1.09204e-05 6.90966e-10 1.09204e-05 0.999978
35.7062 8.81317e-14 3.63925e-14 1.66471e-05 7.42061e-10 1.66471e-05 0.999967
35.8262 1.18256e-13 3.6392e-14 2.63675e-05 8.39719e-10 2.63675e-05 0.999947
35.9462 1.67138e-13 3.63912e-14 4.21503e-05 1.02195e-09 4.21503e-05 0.999916
36.0662 2.44755e-13 3.63902e-14 6.7226e-05 1.3597e-09 6.7226e-05 0.999866
36.1862 3.66276e-13 3.63887e-14 0.000106508 1.98453e-09 0.000106508 0.999787
36.3062 5.54357e-13 3.63869e-14 0.000167338 3.14001e-09 0.000167338 0.999665
36.4262 8.42359e-13 3.6385e-14 0.000260532 5.27686e-09 0.000260532 0.999479
36.5462 1.27875e-12 3.63835e-14 0.000401808 9.22925e-09 0.000401808 0.999196
36.6662 1.93301e-12 3.63842e-14 0.000613708 1.65411e-08 0.000613708 0.998772
36.7862 2.90345e-12 3.63904e-14 0.000928135 3.00702e-08 0.000928135 0.998144
36.9062 4.32726e-12 3.64094e-14 0.00138963 5.5105e-08 0.00138963 0.997221
37.0262 6.39328e-12 3.64559e-14 0.0020595 1.01429e-07 0.0020595 0.995881
37.1462 9.35768e-12 3.65583e-14 0.00302097 1.87132e-07 0.00302097 0.993958
37.2662 1.35629e-11 3.67709e-14 0.00438527 3.45621e-07 0.00438527 0.991229
37.3862 1.94593e-11 3.71964e-14 0.00629883 6.38509e-07 0.00629883 0.987402
37.5062 2.76301e-11 3.80264e-14 0.00895113 1.17919e-06 0.00895113 0.982097
37.6262 3.88159e-11 3.96149e-14 0.012583 2.17574e-06 0.012583 0.974832
37.7462 5.39382e-11 4.26111e-14 0.0174942 4.00862e-06 0.0174942 0.965008
37.8662 7.41154e-11 4.81962e-14 0.0240484 7.36999e-06 0.0240484 0.951896
37.9862 1.00662e-10 5.85022e-14 0.0326734 1.35115e-05 0.0326734 0.93464
38.1062 1.3506e-10 7.73443e-14 0.0438517 2.46789e-05 0.0438517 0.912272
38.2262 1.78881e-10 1.11485e-13 0.0580948 4.48643e-05 0.0580948 0.883766
38.3462 2.33637e-10 1.72776e-13 0.0758959 8.10847e-05 0.0758959 0.848127
38.4662 3.00552e-10 2.81745e-13 0.0976541 0.000145514 0.0976541 0.804547
38.5862 3.80236e-10 4.73458e-13 0.12357 0.000258974 0.12357 0.752601
38.7062 4.72325e-10 8.07023e-13 0.153528 0.000456542 0.153528 0.692488
38.8262 5.75145e-10 1.38085e-12 0.186984 0.000796485 0.186984 0.625235
38.9462 6.85549e-10 2.35735e-12 0.222919 0.00137454 0.222919 0.552787
39.0662 7.99048e-10 4.00416e-12 0.259874 0.00234743 0.259874 0.477904
39.1862 9.10264e-10 6.76696e-12 0.296101 0.00397378 0.296101 0.403825
39.3062 1.01359e-09 1.14096e-11 0.329776 0.00669254 0.329776 0.333756
39.4262 1.10377e-09 1.93145e-11 0.359187 0.0112915 0.359187 0.270335
39.5462 1.17589e-09 3.31992e-11 0.38274 0.0193145 0.38274 0.215205
39.6662 1.22415e-09 5.89623e-11 0.398539 0.0341261 0.398539 0.168796
39.7862 1.23764e-09 1.1045e-10 0.403032 0.0637111 0.403032 0.130225
39.9062 1.19088e-09 2.19886e-10 0.387915 0.126933 0.387915 0.0972371
40.0262 1.03435e-09 4.46409e-10 0.337047 0.25923 0.337047 0.0666753
40.1462 7.37783e-10 8.1971e-10 0.240525 0.481049 0.240525 0.0379022
40.2662 4.13256e-10 1.19806e-09 0.134822 0.713536 0.134822 0.0168205
40.3862 2.02225e-10 1.41851e-09 0.0660453 0.861505 0.0660453 0.00640408
40.5062 9.80291e-11 1.49941e-09 0.032062 0.933486 0.032062 0.0023896
40.6262 4.96009e-11 1.50768e-09 0.0162494 0.966555 0.0162494 0.00094579
40.7462 2.6233e-11 1.48432e-09 0.00860771 0.982377 0.00860771 0.0004077
40.8662 1.43367e-11 1.45016e-09 0.00471054 0.990388 0.00471054 0.000190817
40.9862 8.11396e-12 1.41694e-09 0.00266853 0.994566 0.00266853 9.67388e-05
41.1062 4.97646e-12 1.39212e-09 0.00163753 0.99667 0.00163753 5.52777e-05
41.2262 3.74478e-12 1.38039e-09 0.00123231 0.997495 0.00123231 4.04734e-05
41.3462 3.97206e-12 1.38387e-09 0.00130661 0.997343 0.00130661 4.3974e-05
41.4662 5.7232e-12 1.40206e-09 0.00188117 0.99617 0.00188117 6.75707e-05
41.5862 9.60322e-12 1.43195e-09 0.00315273 0.99357 0.00315273 0.000124638
41.7062 1.70614e-11 1.46807e-09 0.00559224 0.988563 0.00559224 0.000252331
41.8262 3.12602e-11 1.50209e-09 0.0102263 0.978996 0.0102263 0.000551417
41.9462 5.93733e-11 1.52064e-09 0.0193816 0.959926 0.0193816 0.00131113
42.0662 1.18252e-10 1.49894e-09 0.0385222 0.91957 0.0385222 0.00338559
42.1862 2.44413e-10 1.38836e-09 0.0794856 0.831895 0.0794856 0.00913344
42.3062 4.87997e-10 1.12101e-09 0.158511 0.659574 0.158511 0.0234044
42.4262 8.20975e-10 7.19119e-10 0.266459 0.417436 0.266459 0.0496451
42.5462 1.08155e-09 3.7568e-10 0.350846 0.216071 0.350846 0.0822368
42.6662 1.20039e-09 1.84113e-10 0.389244 0.105416 0.389244 0.116096
42.7862 1.22366e-09 9.35493e-11 0.396658 0.0535825 0.396658 0.153101
42.9062 1.19506e-09 5.0511e-11 0.387274 0.0290386 0.387274 0.196413
43.0262 1.13532e-09 2.85965e-11 0.367818 0.0165176 0.367818 0.247847
43.1462 1.0538e-09 1.66336e-11 0.341324 0.00964556 0.341324 0.307706
43.2662 9.56343e-10 9.78641e-12 0.309688 0.00568713 0.309688 0.374937
43.3862 8.48336e-10 5.76826e-12 0.274651 0.00335116 0.274651 0.447346
43.5062 7.35422e-10 3.38889e-12 0.238043 0.00196221 0.238043 0.521951
43.6262 6.23225e-10 1.98109e-12 0.201684 0.00113838 0.201684 0.595494
43.7462 5.1672e-10 1.15355e-12 0.167182 0.000653624 0.167182 0.664983
43.8662 4.19689e-10 6.71683e-13 0.135758 0.000371416 0.135758 0.728112
43.9862 3.34457e-10 3.94073e-13 0.108163 0.00020901 0.108163 0.783464
44.1062 2.6194e-10 2.35859e-13 0.0846912 0.0001166 0.0846912 0.830501
44.2262 2.01922e-10 1.46618e-13 0.0652694 6.45612e-05 0.0652694 0.869397
44.3462 1.53416e-10 9.6764e-14 0.0495766 3.5524e-05 0.0495766 0.900811
44.4662 1.15012e-10 6.9162e-14 0.0371548 1.94469e-05 0.0371548 0.925671
44.5862 8.51481e-11 5.40092e-14 0.0274975 1.06025e-05 0.0274975 0.944994
44.7062 6.22934e-11 4.57603e-14 0.0201085 5.76235e-06 0.0201085 0.959777
44.8262 4.50557e-11 4.13092e-14 0.014537 3.12436e-06 0.014537 0.970923
44.9462 3.22294e-11 3.89307e-14 0.0103923 1.69116e-06 0.0103923 0.979214
45.0662 2.2807e-11 3.76746e-14 0.00734836 9.14374e-07 0.00734836 0.985302
45.1862 1.597e-11 3.70208e-14 0.00514028 4.94099e-07 0.00514028 0.989719
45.3062 1.1068e-11 3.66869e-14 0.00355763 2.6699e-07 0.00355763 0.992884
45.4262 7.59444e-12 3.65208e-14 0.0024365 1.44363e-07 0.0024365 0.995127
45.5462 5.16119e-12 3.64412e-14 0.00165141 7.8184e-08 0.00165141 0.996697
45.6662 3.47589e-12 3.64053e-14 0.00110786 4.24767e-08 0.00110786 0.997784
45.7862 2.3216e-12 3.63907e-14 0.000735715 2.32117e-08 0.000735715 0.998529
45.9062 1.53965e-12 3.63861e-14 0.00048372 1.28168e-08 0.00048372 0.999033
46.0262 1.01563e-12 3.63857e-14 0.000314926 7.20701e-09 0.000314926 0.99937
46.1462 6.68184e-13 3.63869e-14 0.000203064 4.17887e-09 0.000203064 0.999594
46.2662 4.40224e-13 3.63884e-14 0.00012971 2.54388e-09 0.00012971 0.999741
46.3862 2.92211e-13 3.63898e-14 8.21094e-05 1.6609e-09 8.21094e-05 0.999836
46.5062 1.97122e-13 3.63909e-14 5.15477e-05 1.184e-09 5.15477e-05 0.999897
46.6262 1.36724e-13 3.63918e-14 3.21485e-05 9.26529e-10 3.21485e-05 0.999936
46.7462 9.88918e-14 3.63923e-14 2.00056e-05 7.87777e-10 2.00056e-05 0.99996
46.8662 7.56989e-14 3.63927e-14 1.25665e-05 7.13511e-10 1.25665e-05 0.999975
46.9862 6.20947e-14 3.6393e-14 8.20569e-06 6.74708e-10 8.20569e-06 0.999984
47.1062 5.5017e-14 3.63931e-14 5.93807e-06 6.56202e-10 5.93807e-06 0.999988
47.2262 5.28307e-14 3.63931e-14 5.2378e-06 6.50751e-10 5.2378e-06 0.99999
