2.93971 7.14839e-14 3.63927e-14 1.13944e-05 6.77574e-10 1.13944e-05 0.999977
3.05971 7.61107e-14 3.63926e-14 1.29022e-05 6.88644e-10 1.29022e-05 0.999974
3.17971 9.06734e-14 3.63923e-14 1.7649e-05 7.2531e-10 1.7649e-05 0.999965
3.29971 1.18046e-13 3.63918e-14 2.65738e-05 8.00925e-10 2.65738e-05 0.999947
3.41971 1.63721e-13 3.6391e-14 4.14728e-05 9.43597e-10 4.14728e-05 0.999917
3.53971 2.36683e-13 3.63898e-14 6.5283e-05 1.20668e-09 6.5283e-05 0.999869
3.65971 3.50792e-13 3.63881e-14 0.000102538 1.68885e-09 0.000102538 0.999795
3.77971 5.26842e-13 3.63858e-14 0.00016004 2.57127e-09 0.00016004 0.99968
3.89971 7.95464e-13 3.63829e-14 0.000247813 4.18619e-09 0.000247813 0.999504
4.01971 1.20113e-12 3.63796e-14 0.000380416 7.14271e-09 0.000380416 0.999239
4.13971 1.80758e-12 3.63766e-14 0.000578714 1.25579e-08 0.000578714 0.998843
4.25971 2.70491e-12 3.6376e-14 0.00087222 2.24808e-08 0.00087222 0.998256
4.37971 4.01892e-12 3.63819e-14 0.00130214 4.06707e-08 0.00130214 0.997396
4.49971 5.92281e-12 3.64033e-14 0.00192522 7.40238e-08 0.00192522 0.99615
4.61971 8.65181e-12 3.64583e-14 0.00281855 1.35187e-07 0.00281855 0.994363
4.73971 1.25208e-11 3.65817e-14 0.00408536 2.47334e-07 0.00408536 0.991829
4.85971 1.79452e-11 3.68397e-14 0.00586178 4.52883e-07 0.00586178 0.988276
4.97971 2.5464e-11 3.73569e-14 0.00832458 8.29333e-07 0.00832458 0.98335
5.09971 3.57647e-11 3.83636e-14 0.0116992 1.51792e-06 0.0116992 0.9766
5.21971 4.97075e-11 4.0282e-14 0.0162679 2.77519e-06 0.0162679 0.967462
5.33971 6.83436e-11 4.38796e-14 0.0223753 5.065e-06 0.0223753 0.955244
5.45971 9.29215e-11 5.0538e-14 0.0304312 9.22133e-06 0.0304312 0.939128
5.57971 1.24868e-10 6.27234e-14 0.040904 1.67326e-05 0.040904 0.918175
5.69971 1.65731e-10 8.4793e-14 0.0543014 3.02317e-05 0.0543014 0.891367
5.81971 2.17052e-10 1.2436e-13 0.0711303 5.43254e-05 0.0711303 0.857685
5.93971 2.80169e-10 1.94564e-13 0.0918301 9.69717e-05 0.0918301 0.816243
6.05971 3.55919e-10 3.1776e-13 0.116676 0.00017172 0.116676 0.766476
6.17971 4.44278e-10 5.31451e-13 0.145663 0.000301281 0.145663 0.708372
6.29971 5.44015e-10 8.97648e-13 0.178388 0.000523128 0.178388 0.642701
6.41971 6.52464e-10 1.51767e-12 0.213978 0.000898242 0.213978 0.571146
6.53971 7.65566e-10 2.55592e-12 0.251103 0.00152493 0.251103 0.49627
6.65971 8.78241e-10 4.27947e-12 0.288097 0.00256153 0.288097 0.421244
6.77971 9.85054e-10 7.12857e-12 0.323177 0.00426629 0.323177 0.349379
6.89971 1.08092e-09 1.18537e-11 0.354676 0.0070746 0.354676 0.283573
7.01971 1.16156e-09 1.98123e-11 0.381185 0.0117673 0.381185 0.225862
7.13971 1.22321e-09 3.36807e-11 0.401474 0.0198811 0.401474 0.177171
7.25971 1.26106e-09 5.92965e-11 0.413958 0.0347888 0.413958 0.137295
7.37971 1.26478e-09 1.10422e-10 0.415246 0.0645461 0.415246 0.104962
7.49971 1.20878e-09 2.19142e-10 0.396934 0.12825 0.396934 0.0778819
7.61971 1.04297e-09 4.44144e-10 0.342559 0.261715 0.342559 0.0531681
7.73971 7.38033e-10 8.13595e-10 0.242473 0.484947 0.242473 0.0301065
7.85971 4.09804e-10 1.18498e-09 0.134692 0.717289 0.134692 0.0133271
7.97971 1.98816e-10 1.39955e-09 0.0653842 0.864154 0.0653842 0.00507822
8.09971 9.54775e-11 1.47782e-09 0.0314228 0.935252 0.0314228 0.00190244
8.21971 4.77777e-11 1.48601e-09 0.0157363 0.96777 0.0157363 0.000757158
8.33971 2.4953e-11 1.46443e-09 0.00822372 0.983224 0.00822372 0.00032827
8.45971 1.34747e-11 1.43367e-09 0.0044423 0.990961 0.0044423 0.000154839
8.57971 7.58985e-12 1.40534e-09 0.00250205 0.994916 0.00250205 8.00981e-05
8.69971 4.74378e-12 1.38666e-09 0.00156293 0.996825 0.00156293 4.86093e-05
8.81971 3.78914e-12 1.38175e-09 0.00124696 0.997466 0.00124696 4.03903e-05
8.93971 4.31752e-12 1.39199e-09 0.00141854 0.997113 0.00141854 5.03589e-05
9.05971 6.44732e-12 1.41611e-09 0.00211423 0.995688 0.00211423 8.34719e-05
9.17971 1.08706e-11 1.45052e-09 0.00355667 0.992728 0.00355667 0.00015862
9.29971 1.92046e-11 1.48936e-09 0.00626685 0.98714 0.00626685 0.000326205
9.41971 3.49903e-11 1.52384e-09 0.0113844 0.976507 0.0113844 0.000723899
9.53971 6.63262e-11 1.53948e-09 0.0215141 0.955221 0.0215141 0.00175096
9.65971 1.32207e-10 1.5086e-09 0.0427636 0.909887 0.0427636 0.00458598
9.77971 2.72385e-10 1.3773e-09 0.0879108 0.811774 0.0879108 0.012405
9.89971 5.33232e-10 1.07942e-09 0.171839 0.625118 0.171839 0.0312038
10.0197 8.62434e-10 6.66418e-10 0.27766 0.381006 0.27766 0.0636746
10.1397 1.09565e-09 3.40661e-10 0.352512 0.193101 0.352512 0.101874
10.2597 1.1896e-09 1.66434e-10 0.382551 0.0939719 0.382551 0.140927
10.3797 1.1957e-09 8.48315e-11 0.384358 0.0479213 0.384358 0.183363
10.4997 1.15412e-09 4.58573e-11 0.370857 0.0259881 0.370857 0.232297
10.6197 1.0836e-09 2.58866e-11 0.348086 0.0147253 0.348086 0.289102
10.7397 9.93346e-10 1.49637e-11 0.318999 0.00853473 0.318999 0.353468
10.8597 8.89736e-10 8.7311e-12 0.285645 0.00498352 0.285645 0.423726
10.9797 7.78709e-10 5.09887e-12 0.249933 0.00290491 0.249933 0.497229
11.0997 6.66115e-10 2.96795e-12 0.213739 0.00168203 0.213739 0.57084
11.2197 5.57299e-10 1.72038e-12 0.178776 0.000965225 0.178776 0.641483
11.3397 4.56558e-10 9.94963e-13 0.146421 0.000548523 0.146421 0.706609
11.4597 3.66787e-10 5.77002e-13 0.1176 0.000308768 0.1176 0.764492
11.5797 2.89428e-10 3.38562e-13 0.0927713 0.000172299 0.0927713 0.814285
11.6997 2.24678e-10 2.03861e-13 0.071996 9.5414e-05 0.071996 0.855913
11.8197 1.71826e-10 1.2846e-13 0.0550429 5.24957e-05 0.0550429 0.889862
11.9397 1.29611e-10 8.66101e-14 0.0415055 2.87288e-05 0.0415055 0.91696
12.0597 9.65216e-11 6.35633e-14 0.0308976 1.56549e-05 0.0308976 0.938189
12.1797 7.10153e-11 5.09659e-14 0.0227229 8.5023e-06 0.0227229 0.954546
12.2997 5.16479e-11 4.41315e-14 0.0165176 4.60601e-06 0.0165176 0.96696
12.4197 3.71448e-11 4.04529e-14 0.0118721 2.4907e-06 0.0118721 0.976253
12.5397 2.64252e-11 3.84906e-14 0.00843962 1.34519e-06 0.00843962 0.983119
12.6597 1.86005e-11 3.74551e-14 0.0059349 7.26012e-07 0.0059349 0.988129
12.7797 1.29574e-11 3.6916e-14 0.00412918 3.91763e-07 0.00412918 0.991741
12.8997 8.93556e-12 3.66403e-14 0.00284269 2.11479e-07 0.00284269 0.994314
13.0197 6.1021e-12 3.65026e-14 0.0019367 1.14287e-07 0.0019367 0.996126
13.1397 4.12851e-12 3.64362e-14 0.00130591 6.19021e-08 0.00130591 0.997388
13.2597 2.76917e-12 3.64059e-14 0.000871647 3.36678e-08 0.000871647 0.998257
13.3797 1.84319e-12 3.63932e-14 0.000575969 1.84479e-08 0.000575969 0.998848
13.4997 1.21925e-12 3.63888e-14 0.000376837 1.02415e-08 0.000376837 0.999246
13.6197 8.03296e-13 3.63881e-14 0.000244161 5.81514e-09 0.000244161 0.999512
13.7397 5.28913e-13 3.63888e-14 0.000156692 3.42683e-09 0.000156692 0.999687
13.8597 3.49787e-13 3.63898e-14 9.96266e-05 2.13767e-09 9.96266e-05 0.999801
13.9797 2.34049e-13 3.63908e-14 6.27803e-05 1.44157e-09 6.27803e-05 0.999874
14.0997 1.60046e-13 3.63916e-14 3.92382e-05 1.06563e-09 3.92382e-05 0.999922
14.2197 1.13258e-13 3.63922e-14 2.43656e-05 8.6265e-10 2.43656e-05 0.999951
14.3397 8.40823e-14 3.63926e-14 1.50989e-05 7.53251e-10 1.50989e-05 0.99997
14.4597 6.62725e-14 3.63929e-14 9.44679e-06 6.94689e-10 9.44679e-06 0.999981
14.5797 5.58682e-14 3.63931e-14 6.14735e-06 6.64095e-10 6.14735e-06 0.999988
14.6997 5.0476e-14 3.63932e-14 4.43836e-06 6.49514e-10 4.43836e-06 0.999991
14.8197 4.88172e-14 3.63932e-14 3.91281e-06 6.45229e-10 3.91281e-06 0.999992
