3.18803 9.31346e-14 3.63922e-14 1.87123e-05 7.06322e-10 1.87123e-05 0.999963
3.30803 1.00603e-13 3.6392e-14 2.11818e-05 7.23567e-10 2.11818e-05 0.999958
3.42803 1.23607e-13 3.63916e-14 2.87886e-05 7.79572e-10 2.87886e-05 0.999943
3.54803 1.6613e-13 3.63907e-14 4.28538e-05 8.93525e-10 4.28538e-05 0.999914
3.66803 2.35997e-13 3.63894e-14 6.59693e-05 1.10604e-09 6.59693e-05 0.999868
3.78803 3.45949e-13 3.63875e-14 0.000102358 1.49367e-09 0.000102358 0.999795
3.90803 5.15435e-13 3.63848e-14 0.000158466 2.19675e-09 0.000158466 0.999683
4.02803 7.73246e-13 3.63811e-14 0.000243838 3.47053e-09 0.000243838 0.999512
4.14803 1.16121e-12 3.63764e-14 0.000372342 5.77877e-09 0.000372342 0.999255
4.26803 1.7392e-12 3.63709e-14 0.000563835 9.96386e-09 0.000563835 0.998872
4.38803 2.59181e-12 3.63654e-14 0.00084637 1.75566e-08 0.00084637 0.998307
4.50803 3.83699e-12 3.63624e-14 0.00125908 3.13397e-08 0.00125908 0.997482
4.62803 5.63709e-12 3.63673e-14 0.00185581 5.63719e-08 0.00185581 0.996288
4.74803 8.21256e-12 3.63913e-14 0.00270972 1.01848e-07 0.00270972 0.99458
4.86803 1.18586e-11 3.6457e-14 0.00391876 1.84473e-07 0.00391876 0.992162
4.98803 1.6965e-11 3.66078e-14 0.00561227 3.34564e-07 0.00561227 0.988775
5.10803 2.40383e-11 3.69261e-14 0.00795839 6.07058e-07 0.00795839 0.984082
5.22803 3.37261e-11 3.75648e-14 0.0111721 1.10128e-06 0.0111721 0.977655
5.34803 4.68414e-11 3.8805e-14 0.0155232 1.99621e-06 0.0155232 0.968952
5.46803 6.43824e-11 4.11567e-14 0.0213431 3.61309e-06 0.0213431 0.95731
5.58803 8.75429e-11 4.55363e-14 0.0290282 6.5252e-06 0.0290282 0.941937
5.70803 1.17701e-10 5.35736e-14 0.0390361 1.17486e-05 0.0390361 0.921916
5.82803 1.56372e-10 6.81368e-14 0.0518701 2.10682e-05 0.0518701 0.896239
5.94803 2.05104e-10 9.42147e-14 0.0680443 3.75866e-05 0.0680443 0.863874
6.06803 2.65297e-10 1.40372e-13 0.0880237 6.66281e-05 0.0880237 0.823886
6.18803 3.37926e-10 2.21101e-13 0.112133 0.000117197 0.112133 0.775616
6.30803 4.23203e-10 3.60549e-13 0.140443 0.000204277 0.140443 0.718909
6.42803 5.20206e-10 5.98329e-13 0.172649 0.000352385 0.172649 0.65435
6.54803 6.2662e-10 9.98502e-13 0.207983 0.000601005 0.207983 0.583434
6.66803 7.38717e-10 1.66358e-12 0.245207 0.00101292 0.245207 0.508573
6.78803 8.51663e-10 2.75689e-12 0.282718 0.00168733 0.282718 0.432878
6.90803 9.60155e-10 4.54018e-12 0.318754 0.00278143 0.318754 0.35971
7.02803 1.05919e-09 7.44118e-12 0.351656 0.00454891 0.351656 0.29214
7.14803 1.14469e-09 1.21867e-11 0.380068 0.00741568 0.380068 0.232449
7.26803 1.21367e-09 2.00936e-11 0.402996 0.0121471 0.402996 0.181861
7.38803 1.26363e-09 3.37726e-11 0.419615 0.0202608 0.419615 0.140509
7.50803 1.29073e-09 5.89594e-11 0.428641 0.0351223 0.428641 0.107596
7.62803 1.28507e-09 1.09264e-10 0.426792 0.0648462 0.426792 0.0815705
7.74803 1.22085e-09 2.16548e-10 0.405494 0.128794 0.405494 0.0602184
7.86803 1.04716e-09 4.39081e-10 0.347831 0.263349 0.347831 0.0409881
7.98803 7.35144e-10 8.0384e-10 0.244214 0.488428 0.244214 0.023144
8.10803 4.03756e-10 1.16794e-09 0.134143 0.721498 0.134143 0.0102166
8.22803 1.93547e-10 1.37582e-09 0.0643107 0.867486 0.0643107 0.00389217
8.34803 9.17344e-11 1.4507e-09 0.0304827 0.937572 0.0304827 0.0014623
8.46803 4.52269e-11 1.45857e-09 0.0150271 0.969361 0.0150271 0.000584654
8.58803 2.32435e-11 1.4391e-09 0.00772011 0.984305 0.00772011 0.000254897
8.70803 1.23721e-11 1.41254e-09 0.00410641 0.991666 0.00410641 0.000121543
8.82803 6.94344e-12 1.39018e-09 0.00230187 0.995331 0.00230187 6.50264e-05
8.94803 4.45778e-12 1.3787e-09 0.0014751 0.997007 0.0014751 4.33086e-05
9.06803 3.81136e-12 1.38143e-09 0.00125788 0.997442 0.00125788 4.20464e-05
9.18803 4.63708e-12 1.39887e-09 0.00152564 0.996889 0.00152564 5.95411e-05
9.30803 7.10003e-12 1.42909e-09 0.00232824 0.995239 0.00232824 0.00010449
9.42803 1.1958e-11 1.46812e-09 0.00390707 0.991983 0.00390707 0.000202855
9.54803 2.09487e-11 1.50995e-09 0.00681719 0.985943 0.00681719 0.000422566
9.66803 3.78864e-11 1.54555e-09 0.0122761 0.974497 0.0122761 0.00095079
9.78803 7.15501e-11 1.55953e-09 0.0230846 0.951496 0.0230846 0.00233513
9.90803 1.42479e-10 1.5216e-09 0.0457935 0.902222 0.0457935 0.00619081
10.028 2.92333e-10 1.37339e-09 0.0936838 0.795854 0.0936838 0.0167782
10.148 5.62484e-10 1.05113e-09 0.179912 0.598623 0.179912 0.0415536
10.268 8.8165e-10 6.30284e-10 0.281654 0.354453 0.281654 0.0822394
10.388 1.08907e-09 3.16818e-10 0.347632 0.176688 0.347632 0.128048
10.508 1.16066e-09 1.54022e-10 0.37025 0.085562 0.37025 0.173938
10.628 1.15029e-09 7.83493e-11 0.366753 0.0435273 0.366753 0.222967
10.748 1.09565e-09 4.21777e-11 0.349177 0.0234851 0.349177 0.278162
10.868 1.01458e-09 2.36369e-11 0.323211 0.0131933 0.323211 0.340384
10.988 9.16583e-10 1.35325e-11 0.291883 0.00756228 0.291883 0.408671
11.108 8.0864e-10 7.8107e-12 0.257419 0.00436075 0.257419 0.4808
11.228 6.9705e-10 4.51066e-12 0.221822 0.00250897 0.221822 0.553847
11.348 5.87509e-10 2.59773e-12 0.186902 0.00143415 0.186902 0.624762
11.468 4.84716e-10 1.49179e-12 0.154152 0.000812928 0.154152 0.690884
11.588 3.92016e-10 8.56648e-13 0.12463 0.000456755 0.12463 0.750282
11.708 3.1128e-10 4.94944e-13 0.0989301 0.000254488 0.0989301 0.801885
11.828 2.43063e-10 2.90764e-13 0.0772232 0.000140727 0.0772232 0.845413
11.948 1.86912e-10 1.76481e-13 0.0593624 7.73154e-05 0.0593624 0.881198
12.068 1.41726e-10 1.13014e-13 0.0449941 4.22486e-05 0.0449941 0.90997
12.188 1.0607e-10 7.80194e-14 0.0336599 2.29861e-05 0.0336599 0.932657
12.308 7.84145e-11 5.88511e-14 0.0248722 1.24634e-05 0.0248722 0.950243
12.428 5.72954e-11 4.84178e-14 0.0181636 6.74037e-06 0.0181636 0.963666
12.548 4.13947e-11 4.27752e-14 0.0131145 3.63844e-06 0.0131145 0.973767
12.668 2.95811e-11 3.97444e-14 0.0093646 1.96152e-06 0.0093646 0.981269
12.788 2.09142e-11 3.81293e-14 0.00661461 1.05669e-06 0.00661461 0.98677
12.908 1.46329e-11 3.72768e-14 0.00462238 5.69097e-07 0.00462238 0.990755
13.028 1.01342e-11 3.68322e-14 0.00319617 3.06566e-07 0.00319617 0.993607
13.148 6.94957e-12 3.6604e-14 0.002187 1.65281e-07 0.002187 0.995626
13.268 4.72071e-12 3.64892e-14 0.00148106 8.92583e-08 0.00148106 0.997038
13.388 3.17826e-12 3.64332e-14 0.000992773 4.83508e-08 0.000992773 0.998014
13.508 2.12261e-12 3.64071e-14 0.000658779 2.63338e-08 0.000658779 0.998682
13.628 1.40798e-12 3.63958e-14 0.000432813 1.44798e-08 0.000432813 0.999134
13.748 9.29377e-13 3.63915e-14 0.000281576 8.09493e-09 0.000281576 0.999437
13.868 6.12226e-13 3.63903e-14 0.000181425 4.65418e-09 0.000181425 0.999637
13.988 4.04241e-13 3.63905e-14 0.000115795 2.79902e-09 0.000115795 0.999768
14.108 2.6924e-13 3.63911e-14 7.32288e-05 1.79825e-09 7.32288e-05 0.999854
14.228 1.82501e-13 3.63917e-14 4.59026e-05 1.25812e-09 4.59026e-05 0.999908
14.348 1.27344e-13 3.63922e-14 2.85416e-05 9.66516e-10 2.85416e-05 0.999943
14.468 9.26573e-14 3.63926e-14 1.76343e-05 8.09105e-10 1.76343e-05 0.999965
14.588 7.11399e-14 3.63929e-14 1.08747e-05 7.24279e-10 1.08747e-05 0.999978
14.708 5.80715e-14 3.63931e-14 6.77326e-06 6.7888e-10 6.77326e-06 0.999986
14.828 5.04742e-14 3.63932e-14 4.39108e-06 6.55174e-10 4.39108e-06 0.999991
14.948 4.65555e-14 3.63933e-14 3.16321e-06 6.4389e-10 3.16321e-06 0.999994
15.068 4.53566e-14 3.63933e-14 2.7877e-06 6.40586e-10 2.7877e-06 0.999994
