1.69231 7.86475e-14 3.63926e-14 1.37564e-05 6.87901e-10 1.37564e-05 0.999973
1.81231 8.4214e-14 3.63924e-14 1.55748e-05 7.01129e-10 1.55748e-05 0.999969
1.93231 1.01431e-13 3.63921e-14 2.12e-05 7.44211e-10 2.12e-05 0.999958
2.05231 1.33407e-13 3.63915e-14 3.16503e-05 8.32069e-10 3.16503e-05 0.999937
2.17231 1.86223e-13 3.63905e-14 4.89183e-05 9.96301e-10 4.89183e-05 0.999902
2.29231 2.69827e-13 3.63891e-14 7.62636e-05 1.29665e-09 7.62636e-05 0.999848
2.41231 3.99502e-13 3.63872e-14 0.000118696 1.843e-09 0.000118696 0.999763
2.53231 5.98049e-13 3.63846e-14 0.000183689 2.83609e-09 0.000183689 0.999633
2.65231 8.98863e-13 3.63812e-14 0.000282195 4.64208e-09 0.000282195 0.999436
2.77231 1.35016e-12 3.63774e-14 0.00043003 7.92912e-09 0.00043003 0.99914
2.89231 2.02067e-12 3.63739e-14 0.00064974 1.3917e-08 0.00064974 0.9987
3.01231 3.00708e-12 3.63729e-14 0.000973055 2.48338e-08 0.000973055 0.998054
3.13231 4.44368e-12 3.63788e-14 0.00144405 4.47506e-08 0.00144405 0.997112
3.25231 6.51454e-12 3.64014e-14 0.00212316 8.11067e-08 0.00212316 0.995753
3.37231 9.46853e-12 3.64596e-14 0.0030921 1.47494e-07 0.0030921 0.993816
3.49231 1.36374e-11 3.65906e-14 0.00445979 2.68728e-07 0.00445979 0.99108
3.61231 1.94566e-11 3.68645e-14 0.0063693 4.90071e-07 0.0063693 0.987261
3.73231 2.74893e-11 3.74126e-14 0.00900557 8.93921e-07 0.00900557 0.981988
3.85231 3.84502e-11 3.84771e-14 0.0126035 1.62992e-06 0.0126035 0.974791
3.97231 5.32295e-11 4.05006e-14 0.0174555 2.96889e-06 0.0174555 0.965086
4.09231 7.29092e-11 4.42847e-14 0.0239173 5.39867e-06 0.0239173 0.95216
4.21231 9.8766e-11 5.12679e-14 0.0324084 9.79296e-06 0.0324084 0.935173
4.33231 1.32247e-10 6.40076e-14 0.0434048 1.77047e-05 0.0434048 0.913173
4.45231 1.74901e-10 8.70046e-14 0.0574156 3.18687e-05 0.0574156 0.885137
4.57231 2.28244e-10 1.2809e-13 0.0749397 5.70479e-05 0.0749397 0.850064
4.69231 2.9354e-10 2.00713e-13 0.0963934 0.000101429 0.0963934 0.807112
4.81231 3.71496e-10 3.27652e-13 0.12201 0.000178877 0.12201 0.755801
4.93231 4.61901e-10 5.46919e-13 0.151722 0.000312507 0.151722 0.696244
5.05231 5.63288e-10 9.21057e-13 0.185048 0.000540248 0.185048 0.629365
5.17231 6.72748e-10 1.55178e-12 0.221033 0.000923508 0.221033 0.55701
5.29231 7.86032e-10 2.60344e-12 0.258283 0.00156084 0.258283 0.481873
5.41231 8.97982e-10 4.34224e-12 0.295104 0.00261039 0.295104 0.407183
5.53231 1.00323e-09 7.2061e-12 0.329729 0.00432949 0.329729 0.336213
5.65231 1.09689e-09 1.1941e-11 0.360555 0.00715161 0.360555 0.271739
5.77231 1.17496e-09 1.98966e-11 0.386264 0.0118544 0.386264 0.215618
5.89231 1.23398e-09 3.37375e-11 0.405716 0.0199708 0.405716 0.168597
6.01231 1.26936e-09 5.92838e-11 0.417401 0.0348728 0.417401 0.130325
6.13231 1.27086e-09 1.10277e-10 0.417954 0.0646301 0.417954 0.0994615
6.25231 1.21285e-09 2.18779e-10 0.398938 0.128399 0.398938 0.0737249
6.37231 1.045e-09 4.43431e-10 0.343792 0.262116 0.343792 0.050301
6.49231 7.38094e-10 8.12161e-10 0.242883 0.485766 0.242883 0.028467
6.61231 4.08954e-10 1.18207e-09 0.13462 0.718164 0.13462 0.0125957
6.73231 1.97951e-10 1.39532e-09 0.0651935 0.864813 0.0651935 0.0048003
6.85231 9.48255e-11 1.47294e-09 0.0312485 0.935703 0.0312485 0.00179979
6.97231 4.73174e-11 1.48111e-09 0.0156018 0.968079 0.0156018 0.000717127
7.09231 2.46378e-11 1.46e-09 0.00812708 0.983434 0.00812708 0.000311325
7.21231 1.32701e-11 1.43014e-09 0.00437784 0.991097 0.00437784 0.000147181
7.33231 7.47383e-12 1.40309e-09 0.00246492 0.994994 0.00246492 7.66416e-05
7.45231 4.70409e-12 1.38597e-09 0.00155018 0.996852 0.00155018 4.73953e-05
7.57231 3.8239e-12 1.38275e-09 0.00125831 0.997443 0.00125831 4.07733e-05
7.69231 4.43773e-12 1.39459e-09 0.00145754 0.997032 0.00145754 5.2485e-05
7.81231 6.68283e-12 1.42005e-09 0.00219017 0.995531 0.00219017 8.83775e-05
7.93231 1.12837e-11 1.4554e-09 0.00368881 0.992453 0.00368881 0.000169057
8.05231 1.99234e-11 1.49467e-09 0.00649456 0.986662 0.00649456 0.000349247
8.17231 3.62939e-11 1.52888e-09 0.0117936 0.975634 0.0117936 0.000778961
8.29231 6.88661e-11 1.54309e-09 0.0223055 0.953494 0.0223055 0.00189459
8.41231 1.37485e-10 1.5085e-09 0.0444003 0.906216 0.0444003 0.00498303
8.53231 2.83093e-10 1.36939e-09 0.0912147 0.804094 0.0912147 0.0134767
8.65231 5.50199e-10 1.06111e-09 0.177004 0.612356 0.177004 0.033635
8.77231 8.77495e-10 6.46326e-10 0.28202 0.368296 0.28202 0.0676628
8.89231 1.1015e-09 3.28173e-10 0.353777 0.185444 0.353777 0.107003
9.01231 1.18787e-09 1.60312e-10 0.381321 0.0902494 0.381321 0.147108
9.13231 1.18918e-09 8.18752e-11 0.381583 0.0461186 0.381583 0.190715
9.25231 1.14428e-09 4.43224e-11 0.367039 0.0250439 0.367039 0.240877
9.37231 1.07123e-09 2.50247e-11 0.343493 0.0141898 0.343493 0.298825
9.49231 9.7907e-10 1.44535e-11 0.313846 0.00821527 0.313846 0.364092
9.61231 8.74261e-10 8.42135e-12 0.280167 0.00478854 0.280167 0.434877
9.73231 7.62808e-10 4.90958e-12 0.244383 0.00278544 0.244383 0.508449
9.85231 6.50552e-10 2.85285e-12 0.208362 0.00160933 0.208362 0.581667
9.97231 5.42728e-10 1.65117e-12 0.173781 0.000921523 0.173781 0.651517
10.0923 4.43451e-10 9.53929e-13 0.141954 0.000522638 0.141954 0.715569
10.2123 3.55407e-10 5.53032e-13 0.113739 0.000293666 0.113739 0.772229
10.3323 2.79849e-10 3.24764e-13 0.0895328 0.000163612 0.0895328 0.820771
10.4523 2.16826e-10 1.96026e-13 0.0693491 9.04806e-05 0.0693491 0.861211
10.5723 1.65536e-10 1.24068e-13 0.0529275 4.97248e-05 0.0529275 0.894095
10.6923 1.24671e-10 8.41769e-14 0.0398475 2.71869e-05 0.0398475 0.920278
10.8123 9.2709e-11 6.22308e-14 0.0296201 1.48035e-05 0.0296201 0.940745
10.9323 6.8118e-11 5.02447e-14 0.0217536 8.035e-06 0.0217536 0.956485
11.0523 4.94773e-11 4.3746e-14 0.0157923 4.35081e-06 0.0157923 0.968411
11.1723 3.55399e-11 4.02498e-14 0.0113366 2.35186e-06 0.0113366 0.977324
11.2923 2.52535e-11 3.83856e-14 0.0080491 1.26988e-06 0.0080491 0.983901
11.4123 1.77553e-11 3.7402e-14 0.00565352 6.85254e-07 0.00565352 0.988692
11.5323 1.23549e-11 3.68901e-14 0.00392882 3.6974e-07 0.00392882 0.992142
11.6523 8.51101e-12 3.66282e-14 0.00270166 1.99593e-07 0.00270166 0.994596
11.7723 5.80633e-12 3.64975e-14 0.00183855 1.07878e-07 0.00183855 0.996323
11.8923 3.92474e-12 3.64344e-14 0.00123836 5.8448e-08 0.00123836 0.997523
12.0123 2.63033e-12 3.64055e-14 0.000825664 3.18069e-08 0.000825664 0.998349
12.1323 1.74961e-12 3.63934e-14 0.000545005 1.74456e-08 0.000545005 0.99891
12.2523 1.15684e-12 3.63892e-14 0.000356208 9.70163e-09 0.000356208 0.999288
12.3723 7.62114e-13 3.63885e-14 0.00023056 5.52444e-09 0.00023056 0.999539
12.4923 5.02014e-13 3.63891e-14 0.000147817 3.2703e-09 0.000147817 0.999704
12.6123 3.32391e-13 3.63901e-14 9.38925e-05 2.0534e-09 9.38925e-05 0.999812
12.7323 2.22906e-13 3.6391e-14 5.9111e-05 1.39621e-09 5.9111e-05 0.999882
12.8523 1.52971e-13 3.63917e-14 3.69108e-05 1.04121e-09 3.69108e-05 0.999926
12.9723 1.08798e-13 3.63923e-14 2.28998e-05 8.49502e-10 2.28998e-05 0.999954
13.0923 8.1277e-14 3.63927e-14 1.41781e-05 7.46156e-10 1.41781e-05 0.999972
13.2123 6.44923e-14 3.6393e-14 8.86317e-06 6.90824e-10 8.86317e-06 0.999982
13.3323 5.46945e-14 3.63931e-14 5.76308e-06 6.61912e-10 5.76308e-06 0.999988
13.4523 4.96201e-14 3.63932e-14 4.1585e-06 6.48133e-10 4.1585e-06 0.999992
13.5723 4.80602e-14 3.63933e-14 3.66538e-06 6.44084e-10 3.66538e-06 0.999993
