9.03497 7.01189e-14 3.63928e-14 1.09845e-05 6.7495e-10 1.09845e-05 0.999978
9.15497 7.45672e-14 3.63927e-14 1.24384e-05 6.85513e-10 1.24384e-05 0.999975
9.27497 8.86867e-14 3.63924e-14 1.70541e-05 7.208e-10 1.70541e-05 0.999966
9.39497 1.15382e-13 3.63919e-14 2.57837e-05 7.94022e-10 2.57837e-05 0.999949
9.51497 1.60153e-13 3.63911e-14 4.04299e-05 9.32943e-10 4.04299e-05 0.999919
9.63497 2.31988e-13 3.63899e-14 6.39398e-05 1.19039e-09 6.39398e-05 0.999872
9.75497 3.44783e-13 3.63882e-14 0.000100871 1.66438e-09 0.000100871 0.999798
9.87497 5.19429e-13 3.63859e-14 0.000158076 2.53546e-09 0.000158076 0.999684
9.99497 7.86769e-13 3.63829e-14 0.000245678 4.13569e-09 0.000245678 0.999509
10.115 1.19168e-12 3.63795e-14 0.000378403 7.07555e-09 0.000378403 0.999243
10.235 1.79855e-12 3.63764e-14 0.000577398 1.24773e-08 0.000577398 0.998845
10.355 2.69862e-12 3.63754e-14 0.000872616 2.24043e-08 0.000872616 0.998255
10.475 4.01934e-12 3.6381e-14 0.00130593 4.06495e-08 0.00130593 0.997388
10.595 5.93646e-12 3.64019e-14 0.00193507 7.41835e-08 0.00193507 0.99613
10.715 8.68881e-12 3.64562e-14 0.00283852 1.35809e-07 0.00283852 0.994323
10.835 1.25963e-11 3.6579e-14 0.00412143 2.49022e-07 0.00412143 0.991757
10.955 1.80812e-11 3.6837e-14 0.00592256 4.56873e-07 0.00592256 0.988154
11.075 2.56914e-11 3.73559e-14 0.00842206 8.38102e-07 0.00842206 0.983155
11.195 3.61259e-11 3.83683e-14 0.0118498 1.53632e-06 0.0118498 0.976299
11.315 5.02587e-11 4.03014e-14 0.0164931 2.81251e-06 0.0164931 0.967011
11.435 6.91575e-11 4.39318e-14 0.0227033 5.13876e-06 0.0227033 0.954588
11.555 9.40885e-11 5.06583e-14 0.0308968 9.36385e-06 0.0308968 0.938197
11.675 1.26497e-10 6.29776e-14 0.0415492 1.70024e-05 0.0415492 0.916885
11.795 1.67941e-10 8.52999e-14 0.0551736 3.07322e-05 0.0551736 0.889622
11.915 2.1997e-10 1.25326e-13 0.0722798 5.52348e-05 0.0722798 0.855385
12.035 2.83907e-10 1.96332e-13 0.0933037 9.85882e-05 0.0933037 0.813294
12.155 3.60548e-10 3.20879e-13 0.118509 0.000174525 0.118509 0.762808
12.275 4.49802e-10 5.36746e-13 0.147866 0.000306019 0.147866 0.703962
12.395 5.50336e-10 9.06284e-13 0.180939 0.0005309 0.180939 0.637592
12.515 6.59367e-10 1.53116e-12 0.216813 0.000910586 0.216813 0.565463
12.635 7.72724e-10 2.576e-12 0.254118 0.00154387 0.254118 0.49022
12.755 8.85257e-10 4.30775e-12 0.291161 0.00258953 0.291161 0.415089
12.875 9.91521e-10 7.16583e-12 0.326151 0.0043061 0.326151 0.343393
12.995 1.0865e-09 1.18986e-11 0.357435 0.00712897 0.357435 0.278
13.115 1.16601e-09 1.98591e-11 0.383641 0.0118386 0.383641 0.220879
13.235 1.22644e-09 3.37154e-11 0.403577 0.0199712 0.403577 0.172874
13.355 1.26309e-09 5.92894e-11 0.415697 0.0349007 0.415697 0.133705
13.475 1.26573e-09 1.10313e-10 0.416626 0.0646907 0.416626 0.102058
13.595 1.20879e-09 2.188e-10 0.39795 0.128463 0.39795 0.0756367
13.715 1.0422e-09 4.43273e-10 0.343176 0.262059 0.343176 0.0515884
13.835 7.36882e-10 8.11631e-10 0.242703 0.485404 0.242703 0.0291903
13.955 4.08638e-10 1.18178e-09 0.134641 0.717805 0.134641 0.0129142
14.075 1.97982e-10 1.39536e-09 0.0652663 0.864547 0.0652663 0.00492032
14.195 9.49311e-11 1.47315e-09 0.0313149 0.935526 0.0313149 0.00184395
14.315 4.74141e-11 1.48125e-09 0.0156505 0.967965 0.0156505 0.000734304
14.435 2.47055e-11 1.45984e-09 0.00815865 0.983364 0.00815865 0.000318535
14.555 1.33055e-11 1.42945e-09 0.00439474 0.99106 0.00439474 0.000150342
14.675 7.47517e-12 1.40167e-09 0.00246843 0.994985 0.00246843 7.79225e-05
14.795 4.66477e-12 1.38369e-09 0.0015392 0.996874 0.0015392 4.75879e-05
14.915 3.72726e-12 1.37957e-09 0.00122814 0.997504 0.00122814 4.00351e-05
15.035 4.24953e-12 1.39061e-09 0.0013976 0.997154 0.0013976 5.04875e-05
15.155 6.33727e-12 1.4155e-09 0.00207969 0.995757 0.00207969 8.40709e-05
15.275 1.0654e-11 1.45068e-09 0.00348752 0.992865 0.00348752 0.000159778
15.395 1.87529e-11 1.49038e-09 0.00612085 0.98743 0.00612085 0.00032798
15.515 3.40241e-11 1.52605e-09 0.0110695 0.977135 0.0110695 0.000725793
15.635 6.41963e-11 1.54365e-09 0.0208162 0.956617 0.0208162 0.00175021
15.755 1.27406e-10 1.51639e-09 0.0411858 0.913053 0.0411858 0.00457513
15.875 2.62057e-10 1.39177e-09 0.0845073 0.818592 0.0845073 0.012393
15.995 5.15518e-10 1.10199e-09 0.165966 0.636658 0.165966 0.0314097
16.115 8.43334e-10 6.88579e-10 0.271215 0.392652 0.271215 0.0649175
16.235 1.08155e-09 3.53812e-10 0.347576 0.199996 0.347576 0.104852
16.355 1.17899e-09 1.72522e-10 0.378688 0.0971121 0.378688 0.145511
16.475 1.1859e-09 8.7504e-11 0.380742 0.0492653 0.380742 0.189251
16.595 1.14377e-09 4.70618e-11 0.367073 0.0265734 0.367073 0.23928
16.715 1.07227e-09 2.645e-11 0.344008 0.0149868 0.344008 0.296997
16.835 9.81078e-10 1.52324e-11 0.314653 0.00865181 0.314653 0.362043
16.955 8.76867e-10 8.85888e-12 0.281146 0.00503416 0.281146 0.432674
17.075 7.65721e-10 5.15816e-12 0.245439 0.00292501 0.245439 0.506197
17.195 6.53528e-10 2.99427e-12 0.209419 0.0016886 0.209419 0.579473
17.315 5.45575e-10 1.73128e-12 0.174778 0.000966282 0.174778 0.649478
17.435 4.46034e-10 9.98989e-13 0.14285 0.000547693 0.14285 0.713752
17.555 3.5765e-10 5.78178e-13 0.114511 0.000307559 0.114511 0.77067
17.675 2.81725e-10 3.38685e-13 0.0901759 0.000171245 0.0901759 0.819477
17.795 2.18348e-10 2.03677e-13 0.0698685 9.46381e-05 0.0698685 0.860168
17.915 1.66737e-10 1.28245e-13 0.0533363 5.19724e-05 0.0533363 0.893276
18.035 1.25597e-10 8.64448e-14 0.040162 2.83941e-05 0.040162 0.919648
18.155 9.34092e-11 6.34561e-14 0.0298574 1.54484e-05 0.0298574 0.94027
18.275 6.86378e-11 5.0904e-14 0.0219295 8.378e-06 0.0219295 0.956133
18.395 4.98568e-11 4.40995e-14 0.0159206 4.53257e-06 0.0159206 0.968154
18.515 3.58129e-11 4.04387e-14 0.0114287 2.44789e-06 0.0114287 0.97714
18.635 2.54469e-11 3.84862e-14 0.00811432 1.3205e-06 0.00811432 0.98377
18.755 1.78904e-11 3.74555e-14 0.00569906 7.11881e-07 0.00569906 0.988601
18.875 1.24481e-11 3.69184e-14 0.00396018 3.83726e-07 0.00396018 0.992079
18.995 8.57435e-12 3.66431e-14 0.00272296 2.0693e-07 0.00272296 0.994554
19.115 5.84881e-12 3.65053e-14 0.00185282 1.11722e-07 0.00185282 0.996294
19.235 3.95285e-12 3.64385e-14 0.0012478 6.04606e-08 0.0012478 0.997504
19.355 2.64867e-12 3.64076e-14 0.000831821 3.28596e-08 0.000831821 0.998336
19.475 1.76141e-12 3.63945e-14 0.000548967 1.79958e-08 0.000548967 0.998902
19.595 1.16433e-12 3.63898e-14 0.000358721 9.98904e-09 0.000358721 0.999283
19.715 7.668e-13 3.63888e-14 0.000232132 5.67446e-09 0.000232132 0.999536
19.835 5.04903e-13 3.63893e-14 0.000148786 3.34856e-09 0.000148786 0.999702
19.955 3.34146e-13 3.63901e-14 9.44811e-05 2.0942e-09 9.44811e-05 0.999811
20.075 2.23956e-13 3.6391e-14 5.94633e-05 1.41747e-09 5.94633e-05 0.999881
20.195 1.53591e-13 3.63918e-14 3.71189e-05 1.0523e-09 3.71189e-05 0.999926
20.315 1.0916e-13 3.63923e-14 2.30214e-05 8.55291e-10 2.30214e-05 0.999954
20.435 8.14894e-14 3.63927e-14 1.42493e-05 7.49196e-10 1.42493e-05 0.999972
20.555 6.46208e-14 3.6393e-14 8.90612e-06 6.92448e-10 8.90612e-06 0.999982
20.675 5.47799e-14 3.63931e-14 5.79142e-06 6.62828e-10 5.79142e-06 0.999988
20.795 4.96874e-14 3.63932e-14 4.18062e-06 6.48727e-10 4.18062e-06 0.999992
20.915 4.81241e-14 3.63933e-14 3.68629e-06 6.4459e-10 3.68629e-06 0.999993
