1.51748 1.27528e-13 3.63913e-14 3.02776e-05 7.54793e-10 3.02776e-05 0.999939
1.63748 1.39483e-13 3.6391e-14 3.4258e-05 7.82297e-10 3.4258e-05 0.999931
1.75748 1.74611e-13 3.63903e-14 4.59541e-05 8.67646e-10 4.59541e-05 0.999908
1.87748 2.37524e-13 3.6389e-14 6.69047e-05 1.03622e-09 6.69047e-05 0.999866
1.99748 3.3818e-13 3.63871e-14 0.000100432 1.34296e-09 0.000100432 0.999799
2.11748 4.92914e-13 3.63843e-14 0.000151982 1.89048e-09 0.000151982 0.999696
2.23748 7.26409e-13 3.63805e-14 0.00022979 2.86425e-09 0.00022979 0.99954
2.35748 1.07471e-12 3.63754e-14 0.000345876 4.59702e-09 0.000345876 0.999308
2.47748 1.58941e-12 3.63689e-14 0.000517457 7.68522e-09 0.000517457 0.998965
2.59748 2.34334e-12 3.63613e-14 0.000768831 1.31987e-08 0.000768831 0.998463
2.71748 3.43802e-12 3.63537e-14 0.00113387 2.30585e-08 0.00113387 0.997733
2.83748 5.01313e-12 3.63491e-14 0.00165918 4.0717e-08 0.00165918 0.996682
2.95748 7.25856e-12 3.63538e-14 0.00240815 7.23824e-08 0.00240815 0.995184
3.07748 1.04291e-11 3.63814e-14 0.0034658 1.29222e-07 0.0034658 0.993069
3.19748 1.4862e-11 3.64583e-14 0.00494472 2.31315e-07 0.00494472 0.990111
3.31748 2.09976e-11 3.66353e-14 0.00699183 4.14744e-07 0.00699183 0.986016
3.43748 2.94015e-11 3.70077e-14 0.00979601 7.44242e-07 0.00979601 0.980407
3.55748 4.0789e-11 3.77508e-14 0.013596 1.33568e-06 0.013596 0.972807
3.67748 5.60467e-11 3.91832e-14 0.0186878 2.39579e-06 0.0186878 0.962622
3.79748 7.62486e-11 4.18784e-14 0.02543 4.2917e-06 0.02543 0.949136
3.91748 1.02658e-10 4.68559e-14 0.0342442 7.6716e-06 0.0342442 0.931504
4.03748 1.36701e-10 5.59103e-14 0.0456069 1.36713e-05 0.0456069 0.908772
4.15748 1.79899e-10 7.21646e-14 0.0600259 2.4262e-05 0.0600259 0.879924
4.27748 2.33731e-10 1.00986e-13 0.0779954 4.28265e-05 0.0779954 0.843966
4.39748 2.99417e-10 1.51473e-13 0.0999228 7.50905e-05 0.0999228 0.800079
4.51748 3.7761e-10 2.38813e-13 0.126027 0.000130598 0.126027 0.747816
4.63748 4.68042e-10 3.87959e-13 0.156217 0.000224993 0.156217 0.68734
4.75748 5.69191e-10 6.3928e-13 0.189988 0.000383492 0.189988 0.619641
4.87748 6.78123e-10 1.05721e-12 0.226358 0.000646128 0.226358 0.546637
4.99748 7.90609e-10 1.74368e-12 0.263917 0.00107576 0.263917 0.471089
5.11748 9.01601e-10 2.85967e-12 0.30098 0.00177066 0.30098 0.396268
5.23748 1.00596e-09 4.66163e-12 0.335831 0.0028855 0.335831 0.325453
5.35748 1.0992e-09 7.56752e-12 0.36697 0.00466894 0.36697 0.26139
5.47748 1.17797e-09 1.22878e-11 0.393283 0.00753841 0.393283 0.205896
5.59748 1.24006e-09 2.01131e-11 0.414026 0.0122466 0.414026 0.159702
5.71748 1.28362e-09 3.36139e-11 0.428581 0.0202951 0.428581 0.122543
5.83748 1.30518e-09 5.84661e-11 0.435793 0.0350385 0.435793 0.0933759
5.95748 1.29499e-09 1.082e-10 0.4324 0.064617 0.4324 0.0705821
6.07748 1.22698e-09 2.14598e-10 0.409701 0.128551 0.409701 0.0520461
6.19748 1.04955e-09 4.359e-10 0.350464 0.263651 0.350464 0.0354214
6.31748 7.33717e-10 7.98758e-10 0.245002 0.490005 0.245002 0.0199902
6.43748 4.00364e-10 1.15956e-09 0.133686 0.723816 0.133686 0.00881278
6.55748 1.90487e-10 1.36399e-09 0.0635992 0.869446 0.0635992 0.00335553
6.67748 8.95567e-11 1.43702e-09 0.029893 0.938952 0.029893 0.00126174
6.79748 4.37707e-11 1.44477e-09 0.0146028 0.970289 0.0146028 0.000505387
6.91748 2.22999e-11 1.42667e-09 0.00743365 0.984912 0.00743365 0.000221043
7.03748 1.17939e-11 1.40275e-09 0.00392679 0.99204 0.00392679 0.000106336
7.15748 6.63573e-12 1.38402e-09 0.00220555 0.99553 0.00220555 5.85259e-05
7.27748 4.36471e-12 1.37672e-09 0.00144707 0.997064 0.00144707 4.17677e-05
7.39748 3.91074e-12 1.38368e-09 0.00129215 0.997371 0.00129215 4.44997e-05
7.51748 4.9425e-12 1.40492e-09 0.00162681 0.996679 0.00162681 6.69876e-05
7.63748 7.67208e-12 1.43816e-09 0.00251515 0.994849 0.00251515 0.000120583
7.75748 1.29346e-11 1.47924e-09 0.00422213 0.991319 0.00422213 0.000236878
7.87748 2.26246e-11 1.52195e-09 0.00735053 0.9848 0.00735053 0.000498566
7.99748 4.09249e-11 1.55683e-09 0.0132305 0.972403 0.0132305 0.00113576
8.11748 7.75291e-11 1.56726e-09 0.024943 0.947288 0.024943 0.00282603
8.23748 1.55007e-10 1.51997e-09 0.0496603 0.89312 0.0496603 0.00755909
8.35748 3.17324e-10 1.35226e-09 0.101345 0.776873 0.101345 0.0204363
8.47748 5.99135e-10 1.00651e-09 0.19096 0.568514 0.19096 0.0495663
8.59748 9.08682e-10 5.85491e-10 0.28925 0.326667 0.28925 0.0948331
8.71748 1.09336e-09 2.90247e-10 0.347733 0.160635 0.347733 0.143899
8.83748 1.14768e-09 1.41056e-10 0.364764 0.0777751 0.364764 0.192698
8.95748 1.12637e-09 7.19958e-11 0.357794 0.0396957 0.357794 0.244717
9.07748 1.06425e-09 3.88266e-11 0.3379 0.0214472 0.3379 0.302753
9.19748 9.7788e-10 2.17404e-11 0.310343 0.0120306 0.310343 0.367284
9.31748 8.76529e-10 1.24116e-11 0.278067 0.00687103 0.278067 0.436995
9.43748 7.67259e-10 7.13574e-12 0.243311 0.00394324 0.243311 0.509435
9.55748 6.56324e-10 4.1034e-12 0.208057 0.00225683 0.208057 0.58163
9.67748 5.49159e-10 2.35376e-12 0.174024 0.00128322 0.174024 0.650668
9.79748 4.5002e-10 1.34737e-12 0.142558 0.000723732 0.142558 0.714159
9.91748 3.61722e-10 7.72317e-13 0.114547 0.000404786 0.114547 0.770501
10.0375 2.85643e-10 4.46377e-13 0.0904228 0.000224627 0.0904228 0.81893
10.1575 2.21946e-10 2.63161e-13 0.070233 0.000123785 0.070233 0.85941
10.2775 1.6992e-10 1.60982e-13 0.0537487 6.78103e-05 0.0537487 0.892435
10.3975 1.28326e-10 1.04408e-13 0.0405748 3.69659e-05 0.0405748 0.918813
10.5175 9.56882e-11 7.3291e-14 0.0302411 2.00731e-05 0.0302411 0.939498
10.6375 7.04977e-11 5.62795e-14 0.0222684 1.08672e-05 0.0222684 0.955452
10.7575 5.13442e-11 4.70339e-14 0.0162086 5.87015e-06 0.0162086 0.967577
10.8775 3.69805e-11 4.2039e-14 0.0116661 3.16587e-06 0.0116661 0.976665
10.9975 2.63481e-11 3.93581e-14 0.00830487 1.70567e-06 0.00830487 0.983389
11.1175 1.8575e-11 3.79301e-14 0.00584863 9.18485e-07 0.00584863 0.988302
11.2375 1.29603e-11 3.71764e-14 0.00407521 4.94565e-07 0.00407521 0.991849
11.3575 8.95208e-12 3.67831e-14 0.0028098 2.6642e-07 0.0028098 0.99438
11.4775 6.12348e-12 3.65811e-14 0.00191725 1.43673e-07 0.00191725 0.996165
11.5975 4.14986e-12 3.64794e-14 0.00129483 7.76341e-08 0.00129483 0.99741
11.7175 2.78812e-12 3.64296e-14 0.000865613 4.20992e-08 0.000865613 0.998269
11.8375 1.85886e-12 3.64063e-14 0.000572889 2.2972e-08 0.000572889 0.998854
11.9575 1.23156e-12 3.6396e-14 0.000375416 1.26721e-08 0.000375416 0.999249
12.0775 8.1261e-13 3.63921e-14 0.000243621 7.12283e-09 0.000243621 0.999513
12.1975 5.35735e-13 3.6391e-14 0.000156585 4.13138e-09 0.000156585 0.999687
12.3175 3.54636e-13 3.6391e-14 9.97015e-05 2.51784e-09 9.97015e-05 0.999801
12.4375 2.37385e-13 3.63915e-14 6.29041e-05 1.64702e-09 6.29041e-05 0.999874
12.5575 1.62236e-13 3.6392e-14 3.93412e-05 1.17678e-09 3.93412e-05 0.999921
12.6775 1.14563e-13 3.63924e-14 2.44078e-05 9.22765e-10 2.44078e-05 0.999951
12.7975 8.46518e-14 3.63928e-14 1.50479e-05 7.85562e-10 1.50479e-05 0.99997
12.9175 6.61372e-14 3.6393e-14 9.26039e-06 7.11579e-10 9.26039e-06 0.999981
13.0375 5.49156e-14 3.63932e-14 5.75635e-06 6.7196e-10 5.75635e-06 0.999988
13.1575 4.84045e-14 3.63933e-14 3.72514e-06 6.51262e-10 3.72514e-06 0.999993
13.2775 4.50517e-14 3.63933e-14 2.68001e-06 6.41409e-10 2.68001e-06 0.999995
13.3975 4.40276e-14 3.63933e-14 2.36093e-06 6.38525e-10 2.36093e-06 0.999995
