11.4089 6.14034e-14 3.63929e-14 8.05975e-06 6.63568e-10 8.05975e-06 0.999984
11.5289 6.47039e-14 3.63929e-14 9.12786e-06 6.71685e-10 9.12786e-06 0.999982
11.6489 7.52896e-14 3.63927e-14 1.25545e-05 6.99042e-10 1.25545e-05 0.999975
11.7689 9.54701e-14 3.63923e-14 1.90895e-05 7.56152e-10 1.90895e-05 0.999962
11.8889 1.29584e-13 3.63917e-14 3.01422e-05 8.65059e-10 3.01422e-05 0.99994
12.0089 1.84749e-13 3.63909e-14 4.80246e-05 1.06786e-09 4.80246e-05 0.999904
12.1289 2.72039e-13 3.63896e-14 7.63364e-05 1.44296e-09 7.63364e-05 0.999847
12.2489 4.08233e-13 3.63879e-14 0.000120533 2.13551e-09 0.000120533 0.999759
12.3689 6.18307e-13 3.63858e-14 0.000188737 3.41363e-09 0.000188737 0.999623
12.4889 9.38893e-13 3.63835e-14 0.000292869 5.77253e-09 0.000292869 0.999414
12.6089 1.42301e-12 3.63816e-14 0.000450185 1.01269e-08 0.000450185 0.9991
12.7289 2.1464e-12 3.63818e-14 0.000685343 1.8166e-08 0.000685343 0.998629
12.8489 3.21579e-12 3.63879e-14 0.0010331 3.30105e-08 0.0010331 0.997934
12.9689 4.77957e-12 3.64076e-14 0.0015418 6.0423e-08 0.0015418 0.996916
13.0889 7.04119e-12 3.64564e-14 0.00227774 1.11041e-07 0.00227774 0.995444
13.2089 1.02756e-11 3.65647e-14 0.00333051 2.04488e-07 0.00333051 0.993339
13.3289 1.48487e-11 3.67904e-14 0.00481943 3.76921e-07 0.00481943 0.990361
13.4489 2.12401e-11 3.7243e-14 0.00690087 6.94854e-07 0.00690087 0.986197
13.5689 3.00678e-11 3.81259e-14 0.00977634 1.28037e-06 0.00977634 0.980446
13.6889 4.21127e-11 3.98147e-14 0.0137007 2.35686e-06 0.0137007 0.972596
13.8089 5.83417e-11 4.29961e-14 0.0189892 4.33143e-06 0.0189892 0.962017
13.9289 7.99198e-11 4.8916e-14 0.0260223 7.9422e-06 0.0260223 0.947947
14.0489 1.08205e-10 5.98158e-14 0.0352433 1.45186e-05 0.0352433 0.929499
14.1689 1.4471e-10 7.96911e-14 0.047146 2.64356e-05 0.047146 0.905682
14.2889 1.91009e-10 1.15593e-13 0.0622447 4.78941e-05 0.0622447 0.875463
14.4089 2.48572e-10 1.79819e-13 0.0810203 8.62375e-05 0.0810203 0.837873
14.5289 3.18512e-10 2.93548e-13 0.103837 0.000154129 0.103837 0.792172
14.6489 4.01246e-10 4.92745e-13 0.130833 0.000273085 0.130833 0.738062
14.7689 4.96125e-10 8.37645e-13 0.161798 0.000479099 0.161798 0.675925
14.8889 6.01136e-10 1.42789e-12 0.196078 0.000831547 0.196078 0.607013
15.0089 7.12797e-10 2.42696e-12 0.232538 0.00142734 0.232538 0.533497
15.1289 8.26372e-10 4.10285e-12 0.269634 0.00242419 0.269634 0.458307
15.2489 9.36405e-10 6.9001e-12 0.305588 0.0040812 0.305588 0.384744
15.3689 1.03742e-09 1.15789e-11 0.33861 0.00683696 0.33861 0.315943
15.4889 1.12445e-09 1.95142e-11 0.367082 0.011478 0.367082 0.254359
15.6089 1.19299e-09 3.34108e-11 0.38953 0.0195472 0.38953 0.201394
15.7289 1.23758e-09 5.91477e-11 0.404169 0.0344145 0.404169 0.157247
15.8489 1.24754e-09 1.10543e-10 0.40751 0.0640919 0.40751 0.120888
15.9689 1.19737e-09 2.19763e-10 0.391222 0.127524 0.391222 0.0900329
16.0889 1.03742e-09 4.45741e-10 0.339064 0.260255 0.339064 0.0616171
16.2089 7.37868e-10 8.17535e-10 0.241257 0.482516 0.241257 0.0349688
16.3289 4.1206e-10 1.19327e-09 0.13481 0.714876 0.13481 0.0155029
16.4489 2.01066e-10 1.41158e-09 0.0658399 0.862416 0.0658399 0.00590425
16.5689 9.71659e-11 1.49156e-09 0.0318551 0.934084 0.0318551 0.00220641
16.6889 4.89801e-11 1.49981e-09 0.0160789 0.966967 0.0160789 0.000875103
16.8089 2.5791e-11 1.47705e-09 0.00847691 0.982668 0.00847691 0.000378015
16.9289 1.40329e-11 1.44403e-09 0.00461675 0.990589 0.00461675 0.000177362
17.0489 7.92278e-12 1.41244e-09 0.00260807 0.994693 0.00260807 9.04515e-05
17.1689 4.8824e-12 1.38969e-09 0.00160742 0.996732 0.00160742 5.26279e-05
17.2889 3.74153e-12 1.38032e-09 0.00123134 0.997497 0.00123134 4.01378e-05
17.4089 4.06388e-12 1.38618e-09 0.00133631 0.997281 0.00133631 4.57808e-05
17.5289 5.92822e-12 1.40651e-09 0.001947 0.996033 0.001947 7.23721e-05
17.6489 9.96065e-12 1.4381e-09 0.00326617 0.993333 0.00326617 0.000134953
17.7689 1.76491e-11 1.47536e-09 0.00577575 0.988174 0.00577575 0.000274545
17.8889 3.22406e-11 1.50985e-09 0.0105265 0.978345 0.0105265 0.000602491
18.0089 6.11138e-11 1.52796e-09 0.019904 0.958753 0.019904 0.0014393
18.1289 1.21596e-10 1.50423e-09 0.0395091 0.91725 0.0395091 0.00373182
18.2489 2.50939e-10 1.38872e-09 0.0813789 0.827161 0.0813789 0.0100809
18.3689 4.98477e-10 1.11355e-09 0.161439 0.65139 0.161439 0.025732
18.4889 8.30401e-10 7.07702e-10 0.268705 0.408505 0.268705 0.0540844
18.6089 1.08368e-09 3.67594e-10 0.35046 0.210278 0.35046 0.0888025
18.7289 1.19546e-09 1.79901e-10 0.386439 0.102465 0.386439 0.124657
18.8489 1.21346e-09 9.1408e-11 0.392114 0.0520822 0.392114 0.163691
18.9689 1.18054e-09 4.93205e-11 0.381358 0.0282001 0.381358 0.209084
19.0889 1.11702e-09 2.78699e-11 0.360734 0.0160046 0.360734 0.262528
19.2089 1.03229e-09 1.61648e-11 0.333282 0.00931512 0.333282 0.32412
19.3289 9.3245e-10 9.47774e-12 0.300973 0.00547056 0.300973 0.392583
19.4489 8.23135e-10 5.5655e-12 0.265625 0.00320972 0.265625 0.465541
19.5689 7.10112e-10 3.25759e-12 0.229098 0.00187116 0.229098 0.539932
19.6889 5.98946e-10 1.89776e-12 0.193189 0.00108091 0.193189 0.612541
19.8089 4.94394e-10 1.10182e-12 0.159429 0.000618108 0.159429 0.680525
19.9289 3.99923e-10 6.4028e-13 0.128934 0.000349921 0.128934 0.741783
20.0489 3.17533e-10 3.75409e-13 0.102346 0.00019625 0.102346 0.795111
20.1689 2.47863e-10 2.2498e-13 0.0798698 0.000109154 0.0798698 0.840151
20.2889 1.90501e-10 1.4039e-13 0.0613689 6.02808e-05 0.0613689 0.877202
20.4089 1.44346e-10 9.32572e-14 0.0464866 3.30936e-05 0.0464866 0.906994
20.5289 1.07943e-10 6.72187e-14 0.0347511 1.8081e-05 0.0347511 0.93048
20.6489 7.97271e-11 5.29495e-14 0.0256576 9.84128e-06 0.0256576 0.948675
20.7689 5.81978e-11 4.51924e-14 0.0187207 5.34089e-06 0.0187207 0.962553
20.8889 4.20034e-11 4.10109e-14 0.0135042 2.89224e-06 0.0135042 0.972989
21.0089 2.99837e-11 3.87781e-14 0.00963346 1.56385e-06 0.00963346 0.980731
21.1289 2.11751e-11 3.75992e-14 0.00679762 8.44769e-07 0.00679762 0.986404
21.2489 1.47981e-11 3.69854e-14 0.00474529 4.56135e-07 0.00474529 0.990509
21.3689 1.02364e-11 3.66717e-14 0.00327762 2.46321e-07 0.00327762 0.993444
21.4889 7.01093e-12 3.65153e-14 0.00224025 1.33126e-07 0.00224025 0.995519
21.6089 4.75638e-12 3.64402e-14 0.00151541 7.20804e-08 0.00151541 0.996969
21.7289 3.19816e-12 3.64061e-14 0.00101465 3.91641e-08 0.00101465 0.997971
21.8489 2.13312e-12 3.6392e-14 0.000672522 2.14148e-08 0.000672522 0.998655
21.9689 1.41311e-12 3.63873e-14 0.000441335 1.18425e-08 0.000441335 0.999117
22.0889 9.31565e-13 3.63868e-14 0.000286796 6.67895e-09 0.000286796 0.999426
22.2089 6.12913e-13 3.63877e-14 0.000184586 3.89278e-09 0.000184586 0.999631
22.3289 4.04247e-13 3.6389e-14 0.000117694 2.38895e-09 0.000117694 0.999765
22.4489 2.69019e-13 3.63902e-14 7.43709e-05 1.57704e-09 7.43709e-05 0.999851
22.5689 1.82304e-13 3.63912e-14 4.66082e-05 1.13864e-09 4.66082e-05 0.999907
22.6889 1.27324e-13 3.6392e-14 2.90184e-05 9.01995e-10 2.90184e-05 0.999942
22.8089 9.29473e-14 3.63925e-14 1.80281e-05 7.74493e-10 1.80281e-05 0.999964
22.9289 7.19086e-14 3.63928e-14 1.13069e-05 7.0626e-10 1.13069e-05 0.999977
23.0489 5.95882e-14 3.6393e-14 7.37366e-06 6.7062e-10 7.37366e-06 0.999985
23.1689 5.31888e-14 3.63931e-14 5.33172e-06 6.53631e-10 5.33172e-06 0.999989
23.2889 5.12156e-14 3.63932e-14 4.70231e-06 6.48632e-10 4.70231e-06 0.999991
