9.75092 6.21347e-14 3.63929e-14 8.30228e-06 6.64555e-10 8.30228e-06 0.999983
9.87092 6.55315e-14 3.63929e-14 9.40241e-06 6.72882e-10 9.40241e-06 0.999981
9.99092 7.64138e-14 3.63927e-14 1.29277e-05 7.00917e-10 1.29277e-05 0.999974
10.1109 9.71409e-14 3.63923e-14 1.96448e-05 7.59402e-10 1.96448e-05 0.999961
10.2309 1.32149e-13 3.63917e-14 3.09955e-05 8.70863e-10 3.09955e-05 0.999938
10.3509 1.88712e-13 3.63908e-14 4.93447e-05 1.0783e-09 4.93447e-05 0.999901
10.4709 2.78141e-13 3.63895e-14 7.83714e-05 1.46177e-09 7.83714e-05 0.999843
10.5909 4.17562e-13 3.63878e-14 0.000123647 2.16938e-09 0.000123647 0.999753
10.7109 6.32441e-13 3.63856e-14 0.000193461 3.4746e-09 0.000193461 0.999613
10.8309 9.60105e-13 3.63832e-14 0.000299965 5.88228e-09 0.000299965 0.9994
10.9509 1.45453e-12 3.63812e-14 0.000460741 1.03243e-08 0.000460741 0.999079
11.0709 2.19276e-12 3.63813e-14 0.000700886 1.85213e-08 0.000700886 0.998598
11.1909 3.28327e-12 3.63874e-14 0.00105575 3.36495e-08 0.00105575 0.997889
11.3109 4.87676e-12 3.64072e-14 0.00157446 6.15718e-08 0.00157446 0.996851
11.4309 7.17966e-12 3.64565e-14 0.00232432 1.13105e-07 0.00232432 0.995351
11.5509 1.04707e-11 3.65661e-14 0.00339623 2.08194e-07 0.00339623 0.993207
11.6709 1.51206e-11 3.67947e-14 0.00491113 3.83565e-07 0.00491113 0.990177
11.7909 2.16148e-11 3.7253e-14 0.00702739 7.06747e-07 0.00702739 0.985945
11.9109 3.05781e-11 3.8147e-14 0.00994888 1.30161e-06 0.00994888 0.980101
12.0309 4.27995e-11 3.98566e-14 0.0139332 2.39466e-06 0.0139332 0.972131
12.1509 5.92544e-11 4.30763e-14 0.0192988 4.39841e-06 0.0192988 0.961398
12.2709 8.1117e-11 4.9065e-14 0.026429 8.06023e-06 0.026429 0.947134
12.3909 1.09753e-10 6.00858e-14 0.0357701 1.47251e-05 0.0357701 0.928445
12.5109 1.46681e-10 8.01704e-14 0.0478178 2.67935e-05 0.0478178 0.904337
12.6309 1.93472e-10 1.16426e-13 0.0630866 4.85072e-05 0.0630866 0.873778
12.7509 2.51589e-10 1.81237e-13 0.0820542 8.72729e-05 0.0820542 0.835804
12.8709 3.22119e-10 2.95907e-13 0.105077 0.000155847 0.105077 0.78969
12.9909 4.05438e-10 4.96567e-13 0.13228 0.000275876 0.13228 0.735164
13.1109 5.00841e-10 8.43656e-13 0.163435 0.00048352 0.163435 0.672647
13.2309 6.06249e-10 1.43703e-12 0.197864 0.00083835 0.197864 0.603434
13.3509 7.18116e-10 2.44033e-12 0.234412 0.00143747 0.234412 0.529738
13.4709 8.31663e-10 4.12154e-12 0.271521 0.00243873 0.271521 0.454519
13.5909 9.41426e-10 6.92491e-12 0.307407 0.00410125 0.307407 0.381085
13.7109 1.04196e-09 1.16098e-11 0.340291 0.00686344 0.340291 0.312556
13.8309 1.12836e-09 1.95495e-11 0.368572 0.0115114 0.368572 0.251344
13.9509 1.1962e-09 3.34462e-11 0.390803 0.0195878 0.390803 0.198806
14.0709 1.24009e-09 5.9175e-11 0.40522 0.034463 0.40522 0.155097
14.1909 1.24938e-09 1.10549e-10 0.408344 0.0641542 0.408344 0.119159
14.3109 1.19859e-09 2.19723e-10 0.391837 0.127621 0.391837 0.0887055
14.4309 1.03801e-09 4.45597e-10 0.339439 0.260432 0.339439 0.0606891
14.5509 7.37886e-10 8.17121e-10 0.241392 0.482784 0.241392 0.0344324
14.6709 4.11829e-10 1.19237e-09 0.134804 0.71513 0.134804 0.0152624
14.7909 2.00839e-10 1.41029e-09 0.0657971 0.862593 0.0657971 0.00581299
14.9109 9.69962e-11 1.49009e-09 0.0318132 0.934201 0.0318132 0.00217291
15.0309 4.88585e-11 1.49833e-09 0.0160449 0.967048 0.0160449 0.000862143
15.1509 2.57052e-11 1.4757e-09 0.00845129 0.982725 0.00845129 0.000372562
15.2709 1.39748e-11 1.44289e-09 0.00459869 0.990628 0.00459869 0.000174891
15.3909 7.887e-12 1.41163e-09 0.00259672 0.994717 0.00259672 8.93043e-05
15.5109 4.86591e-12 1.3893e-09 0.00160213 0.996743 0.00160213 5.21594e-05
15.6309 3.74329e-12 1.38038e-09 0.00123193 0.997496 0.00123193 4.01115e-05
15.7509 4.08526e-12 1.38669e-09 0.00134323 0.997267 0.00134323 4.61798e-05
15.8709 5.97387e-12 1.40743e-09 0.00196168 0.996003 0.00196168 7.33859e-05
15.9909 1.00405e-11 1.43933e-09 0.00329161 0.99328 0.00329161 0.000137122
16.1109 1.77832e-11 1.47679e-09 0.00581791 0.988085 0.00581791 0.000279242
16.2309 3.24715e-11 1.51132e-09 0.0105979 0.978191 0.0105979 0.000613393
16.3509 6.15388e-11 1.52927e-09 0.0200337 0.958466 0.0200337 0.00146693
16.4709 1.2244e-10 1.505e-09 0.0397641 0.916665 0.0397641 0.00380697
16.5909 2.52625e-10 1.38823e-09 0.0818833 0.825947 0.0818833 0.0102862
16.7109 5.01226e-10 1.11116e-09 0.162241 0.649289 0.162241 0.0262278
16.8309 8.32955e-10 7.04508e-10 0.269382 0.406239 0.269382 0.0549964
16.9509 1.08453e-09 3.65423e-10 0.350535 0.208828 0.350535 0.0901025
17.0709 1.1947e-09 1.78795e-10 0.385973 0.101737 0.385973 0.126316
17.1909 1.21157e-09 9.08596e-11 0.391279 0.0517203 0.391279 0.165722
17.3109 1.17779e-09 4.90258e-11 0.380248 0.028004 0.380248 0.2115
17.4309 1.11354e-09 2.76968e-11 0.3594 0.0158885 0.3594 0.265312
17.5509 1.02821e-09 1.60571e-11 0.33177 0.00924257 0.33177 0.327217
17.6709 9.27944e-10 9.40913e-12 0.299341 0.00542426 0.299341 0.395894
17.7909 8.1841e-10 5.52165e-12 0.263943 0.00318016 0.263943 0.468935
17.9109 7.05396e-10 3.22982e-12 0.227441 0.0018525 0.227441 0.543267
18.0309 5.94449e-10 1.88046e-12 0.191623 0.00106931 0.191623 0.615685
18.1509 4.90281e-10 1.09125e-12 0.158006 0.00061104 0.158006 0.683376
18.2709 3.963e-10 6.33946e-13 0.127688 0.000345693 0.127688 0.744279
18.3909 3.14443e-10 3.71683e-13 0.101288 0.000193766 0.101288 0.797229
18.5109 2.45303e-10 2.22827e-13 0.0789963 0.000107717 0.0789963 0.8419
18.6309 1.88431e-10 1.39166e-13 0.0606646 5.94605e-05 0.0606646 0.878611
18.7509 1.42708e-10 9.25718e-14 0.0459302 3.26308e-05 0.0459302 0.908107
18.8709 1.06669e-10 6.68403e-14 0.0343194 1.78224e-05 0.0343194 0.931343
18.9909 7.87529e-11 5.27437e-14 0.025328 9.69786e-06 0.025328 0.949334
19.1109 5.74634e-11 4.50823e-14 0.0184727 5.26185e-06 0.0184727 0.963049
19.2309 4.14574e-11 4.09531e-14 0.01332 2.84889e-06 0.01332 0.973357
19.3509 2.95829e-11 3.87484e-14 0.00949844 1.54016e-06 0.00949844 0.981002
19.4709 2.08844e-11 3.75844e-14 0.00669983 8.31864e-07 0.00669983 0.986599
19.5909 1.45899e-11 3.69784e-14 0.00467531 4.4912e-07 0.00467531 0.990649
19.7109 1.00889e-11 3.66686e-14 0.00322811 2.42514e-07 0.00322811 0.993544
19.8309 6.90768e-12 3.65142e-14 0.00220563 1.31062e-07 0.00220563 0.995589
19.9509 4.6849e-12 3.64399e-14 0.00149147 7.09629e-08 0.00149147 0.997017
20.0709 3.14922e-12 3.64061e-14 0.000998269 3.85592e-08 0.000998269 0.998003
20.1909 2.09998e-12 3.63922e-14 0.000661442 2.10876e-08 0.000661442 0.998677
20.3109 1.3909e-12 3.63875e-14 0.000433919 1.16656e-08 0.000433919 0.999132
20.4309 9.16845e-13 3.63869e-14 0.000281884 6.58331e-09 0.000281884 0.999436
20.5509 6.03254e-13 3.63878e-14 0.000181366 3.8411e-09 0.000181366 0.999637
20.6709 3.97973e-13 3.63891e-14 0.000115605 2.36103e-09 0.000115605 0.999769
20.7909 2.64983e-13 3.63903e-14 7.3028e-05 1.56196e-09 7.3028e-05 0.999854
20.9109 1.7973e-13 3.63913e-14 4.57527e-05 1.1305e-09 4.57527e-05 0.999908
21.0309 1.25695e-13 3.6392e-14 2.84774e-05 8.97604e-10 2.84774e-05 0.999943
21.1509 9.19188e-14 3.63925e-14 1.76869e-05 7.72119e-10 1.76869e-05 0.999965
21.2709 7.12538e-14 3.63928e-14 1.109e-05 7.04967e-10 1.109e-05 0.999978
21.3909 5.91557e-14 3.6393e-14 7.23048e-06 6.69891e-10 7.23048e-06 0.999986
21.5109 5.28733e-14 3.63932e-14 5.2274e-06 6.53172e-10 5.2274e-06 0.99999
21.6309 5.09368e-14 3.63932e-14 4.61015e-06 6.48254e-10 4.61015e-06 0.999991
