2.06754 1.1074e-13 3.63918e-14 2.46313e-05 7.3094e-10 2.46313e-05 0.999951
2.18754 1.2051e-13 3.63916e-14 2.78754e-05 7.53402e-10 2.78754e-05 0.999945
2.30754 1.49892e-13 3.6391e-14 3.7633e-05 8.24702e-10 3.7633e-05 0.999925
2.42754 2.03317e-13 3.63899e-14 5.53785e-05 9.67565e-10 5.53785e-05 0.999889
2.54754 2.89857e-13 3.63882e-14 8.41302e-05 1.23056e-09 8.41302e-05 0.999832
2.66754 4.24321e-13 3.63858e-14 0.000128815 1.70476e-09 0.000128815 0.999742
2.78754 6.29175e-13 3.63825e-14 0.00019691 2.55579e-09 0.00019691 0.999606
2.90754 9.37412e-13 3.6378e-14 0.000299392 4.08259e-09 0.000299392 0.999401
3.02754 1.39656e-12 3.63723e-14 0.000452081 6.82417e-09 0.000452081 0.999096
3.14754 2.07408e-12 3.63656e-14 0.000677435 1.17527e-08 0.000677435 0.998645
3.26754 3.06454e-12 3.63589e-14 0.00100694 2.06228e-08 0.00100694 0.997986
3.38754 4.49879e-12 3.63549e-14 0.00148415 3.66031e-08 0.00148415 0.997031
3.50754 6.55558e-12 3.63596e-14 0.00216859 6.54185e-08 0.00216859 0.995662
3.62754 9.47592e-12 3.63856e-14 0.00314053 1.17412e-07 0.00314053 0.993719
3.74754 1.35804e-11 3.64576e-14 0.00450672 2.11261e-07 0.00450672 0.990986
3.86754 1.92892e-11 3.66235e-14 0.00640712 3.80671e-07 0.00640712 0.987185
3.98754 2.7145e-11 3.69732e-14 0.00902248 6.86358e-07 0.00902248 0.981954
4.10754 3.78368e-11 3.76728e-14 0.0125823 1.23746e-06 0.0125823 0.974834
4.22754 5.22229e-11 3.90259e-14 0.0173725 2.22948e-06 0.0173725 0.965253
4.34754 7.13491e-11 4.15802e-14 0.0237416 4.01112e-06 0.0237416 0.952513
4.46754 9.64531e-11 4.63144e-14 0.0321017 7.20076e-06 0.0321017 0.935789
4.58754 1.28946e-10 5.49581e-14 0.0429232 1.28869e-05 0.0429232 0.914141
4.70754 1.70351e-10 7.05348e-14 0.0567137 2.2968e-05 0.0567137 0.88655
4.82754 2.2218e-10 9.82661e-14 0.0739772 4.07187e-05 0.0739772 0.852005
4.94754 2.85732e-10 1.47047e-13 0.0951465 7.17121e-05 0.0951465 0.809636
5.06754 3.61795e-10 2.31809e-13 0.120485 0.000125291 0.120485 0.758906
5.18754 4.50292e-10 3.77218e-13 0.149967 0.000216862 0.149967 0.699851
5.30754 5.49939e-10 6.23395e-13 0.183165 0.0003714 0.183165 0.633299
5.42754 6.58035e-10 1.0347e-12 0.219181 0.00062878 0.219181 0.56101
5.54754 7.7053e-10 1.71339e-12 0.256665 0.00105191 0.256665 0.485618
5.66754 8.82437e-10 2.82148e-12 0.293957 0.00173951 0.293957 0.410348
5.78754 9.88527e-10 4.61762e-12 0.329313 0.00284736 0.329313 0.338526
5.90754 1.0841e-09 7.52372e-12 0.361168 0.00462622 0.361168 0.273038
6.02754 1.16551e-09 1.22567e-11 0.388309 0.00749696 0.388309 0.215885
6.14754 1.23026e-09 2.01175e-11 0.409898 0.0122174 0.409898 0.167987
6.26754 1.27625e-09 3.36924e-11 0.42524 0.0202956 0.42524 0.129224
6.38754 1.29988e-09 5.86804e-11 0.433134 0.0350907 0.433134 0.0986412
6.50754 1.29137e-09 1.08643e-10 0.430315 0.0647336 0.430315 0.074637
6.62754 1.22474e-09 2.15391e-10 0.408132 0.128683 0.408132 0.0550541
6.74754 1.04869e-09 4.37163e-10 0.349478 0.263578 0.349478 0.0374665
6.86754 7.3429e-10 8.00719e-10 0.244713 0.489426 0.244713 0.0211473
6.98754 4.01692e-10 1.16274e-09 0.133873 0.722925 0.133873 0.00932763
7.10754 1.91683e-10 1.36848e-09 0.0638815 0.868684 0.0638815 0.00355248
7.22754 9.04051e-11 1.44223e-09 0.0301246 0.938415 0.0301246 0.00133546
7.34754 4.43349e-11 1.45002e-09 0.014768 0.969929 0.014768 0.000534575
7.46754 2.26628e-11 1.43138e-09 0.00754413 0.984678 0.00754413 0.000233518
7.58754 1.20142e-11 1.40642e-09 0.0039953 0.991898 0.0039953 0.000111925
7.70754 6.75094e-12 1.38628e-09 0.00224161 0.995456 0.00224161 6.08812e-05
7.82754 4.3969e-12 1.37738e-09 0.00145666 0.997044 0.00145666 4.22564e-05
7.94754 3.86844e-12 1.38272e-09 0.0012776 0.997401 0.0012776 4.34479e-05
8.06754 4.81992e-12 1.40253e-09 0.00158619 0.996764 0.00158619 6.39616e-05
8.18754 7.44457e-12 1.43464e-09 0.00244078 0.995004 0.00244078 0.000114088
8.30754 1.25463e-11 1.47497e-09 0.00409679 0.991583 0.00409679 0.000223129
8.42754 2.19555e-11 1.51738e-09 0.0071375 0.985257 0.0071375 0.000467722
8.54754 3.97043e-11 1.5526e-09 0.0128469 0.973246 0.0128469 0.00106029
8.66754 7.51119e-11 1.56451e-09 0.0241909 0.948993 0.0241909 0.00262485
8.78754 1.49924e-10 1.52106e-09 0.0480894 0.896824 0.0480894 0.00699749
8.90754 3.07223e-10 1.36123e-09 0.0982439 0.78457 0.0982439 0.0189417
9.02754 5.84569e-10 1.02464e-09 0.186561 0.58054 0.186561 0.0463381
9.14754 8.98256e-10 6.03156e-10 0.28631 0.337522 0.28631 0.0898572
9.26754 1.09188e-09 3.00566e-10 0.347729 0.166824 0.347729 0.137718
9.38754 1.15283e-09 1.46067e-10 0.366901 0.0807636 0.366901 0.185434
9.50754 1.13569e-09 7.44483e-11 0.361249 0.0411646 0.361249 0.236337
9.62754 1.07638e-09 4.01187e-11 0.342225 0.0222274 0.342225 0.293322
9.74754 9.91974e-10 2.24698e-11 0.315255 0.0124745 0.315255 0.357015
9.86754 8.91822e-10 1.28411e-11 0.283316 0.00713399 0.283316 0.426234
9.98754 7.82973e-10 7.3933e-12 0.248646 0.00410139 0.248646 0.498607
10.1075 6.71709e-10 4.25813e-12 0.213238 0.00235193 0.213238 0.571173
10.2275 5.63579e-10 2.44607e-12 0.17885 0.00133991 0.17885 0.64096
10.3475 4.63012e-10 1.4018e-12 0.146886 0.000757103 0.146886 0.705471
10.4675 3.73024e-10 8.03993e-13 0.118298 0.000424161 0.118298 0.76298
10.5875 2.95177e-10 4.64565e-13 0.0935779 0.000235725 0.0935779 0.812608
10.7075 2.29778e-10 2.73472e-13 0.0728188 0.000130065 0.0728188 0.854232
10.8275 1.76208e-10 1.6676e-13 0.0558207 7.13256e-05 0.0558207 0.888287
10.9475 1.33275e-10 1.07611e-13 0.0422029 3.89158e-05 0.0422029 0.915555
11.0675 9.95158e-11 7.50486e-14 0.0314985 2.11465e-05 0.0314985 0.936982
11.1875 7.34122e-11 5.72345e-14 0.0232246 1.14546e-05 0.0232246 0.953539
11.3075 5.3532e-11 4.75475e-14 0.0169256 6.18999e-06 0.0169256 0.966143
11.4275 3.86012e-11 4.23122e-14 0.0121966 3.33938e-06 0.0121966 0.975603
11.5475 2.75337e-11 3.95015e-14 0.00869257 1.79953e-06 0.00869257 0.982613
11.6675 1.94318e-11 3.80041e-14 0.00612854 9.69149e-07 0.00612854 0.987742
11.7875 1.35723e-11 3.72137e-14 0.00427494 5.2187e-07 0.00427494 0.99145
11.9075 9.38413e-12 3.68014e-14 0.00295068 2.8112e-07 0.00295068 0.994098
12.0275 6.42507e-12 3.65897e-14 0.00201551 1.51581e-07 0.00201551 0.995969
12.1475 4.35805e-12 3.64831e-14 0.00136259 8.18866e-08 0.00136259 0.997275
12.2675 2.93026e-12 3.6431e-14 0.000911834 4.43855e-08 0.000911834 0.998176
12.3875 1.95485e-12 3.64066e-14 0.000604078 2.4201e-08 0.000604078 0.998792
12.5075 1.29571e-12 3.6396e-14 0.000396238 1.33328e-08 0.000396238 0.999207
12.6275 8.55027e-13 3.63919e-14 0.000257377 7.47804e-09 0.000257377 0.999485
12.7475 5.63495e-13 3.63907e-14 0.000165579 4.32238e-09 0.000165579 0.999669
12.8675 3.72623e-13 3.63908e-14 0.000105524 2.62055e-09 0.000105524 0.999789
12.9875 2.48925e-13 3.63913e-14 6.66358e-05 1.70226e-09 6.66358e-05 0.999867
13.1075 1.69571e-13 3.63919e-14 4.17106e-05 1.20649e-09 4.17106e-05 0.999917
13.2275 1.19185e-13 3.63923e-14 2.58993e-05 9.38743e-10 2.58993e-05 0.999948
13.3475 8.75447e-14 3.63927e-14 1.59803e-05 7.9416e-10 1.59803e-05 0.999968
13.4675 6.79436e-14 3.6393e-14 9.84189e-06 7.16218e-10 9.84189e-06 0.99998
13.5875 5.60544e-14 3.63931e-14 6.1224e-06 6.74489e-10 6.1224e-06 0.999988
13.7075 4.91509e-14 3.63933e-14 3.96471e-06 6.52692e-10 3.96471e-06 0.999992
13.8275 4.55939e-14 3.63933e-14 2.85379e-06 6.42317e-10 2.85379e-06 0.999994
13.9475 4.45067e-14 3.63933e-14 2.5144e-06 6.39279e-10 2.5144e-06 0.999995
