1.19064 1.43561e-13 3.6391e-14 3.56718e-05 7.77895e-10 3.56718e-05 0.999929
1.31064 1.57598e-13 3.63907e-14 4.03533e-05 8.10268e-10 4.03533e-05 0.99992
1.43064 1.97908e-13 3.63898e-14 5.37983e-05 9.08518e-10 5.37983e-05 0.999893
1.55064 2.69105e-13 3.63884e-14 7.7549e-05 1.10001e-09 7.7549e-05 0.999845
1.67064 3.81797e-13 3.63862e-14 0.000115149 1.44485e-09 0.000115149 0.99977
1.79064 5.53482e-13 3.63831e-14 0.000172444 2.05502e-09 0.000172444 0.999655
1.91064 8.10533e-13 3.63788e-14 0.000258244 3.13195e-09 0.000258244 0.999484
2.03064 1.19129e-12 3.63732e-14 0.00038536 5.03521e-09 0.00038536 0.999229
2.15064 1.75041e-12 3.63661e-14 0.000572052 8.40637e-09 0.000572052 0.998856
2.27064 2.56468e-12 3.63578e-14 0.000843982 1.43913e-08 0.000843982 0.998312
2.39064 3.74069e-12 3.63495e-14 0.00123677 2.50392e-08 0.00123677 0.997526
2.51064 5.42457e-12 3.63444e-14 0.00179925 4.40194e-08 0.00179925 0.996401
2.63064 7.81421e-12 3.63491e-14 0.00259757 7.79064e-08 0.00259757 0.994804
2.75064 1.11742e-11 3.6378e-14 0.00372017 1.38486e-07 0.00372017 0.992559
2.87064 1.58537e-11 3.64587e-14 0.00528376 2.46885e-07 0.00528376 0.989432
2.99064 2.23069e-11 3.66443e-14 0.00744015 4.40942e-07 0.00744015 0.985119
3.11064 3.11156e-11 3.70339e-14 0.0103839 7.88339e-07 0.0103839 0.979231
3.23064 4.3013e-11 3.78095e-14 0.01436 1.40986e-06 0.01436 0.971278
3.35064 5.89048e-11 3.93008e-14 0.0196714 2.52031e-06 0.0196714 0.960655
3.47064 7.98837e-11 4.20994e-14 0.0266834 4.50005e-06 0.0266834 0.946629
3.59064 1.07229e-10 4.72541e-14 0.0358235 8.01842e-06 0.0358235 0.928345
3.71064 1.42374e-10 5.6605e-14 0.0475716 1.42444e-05 0.0475716 0.904843
3.83064 1.86836e-10 7.33442e-14 0.0624345 2.51998e-05 0.0624345 0.875106
3.95064 2.42067e-10 1.02939e-13 0.0808975 4.43412e-05 0.0808975 0.838161
4.07064 3.09224e-10 1.54621e-13 0.103349 7.7497e-05 0.103349 0.793226
4.19064 3.88862e-10 2.43747e-13 0.129973 0.000134343 0.129973 0.73992
4.31064 4.80573e-10 3.9545e-13 0.160635 0.000230673 0.160635 0.6785
4.43064 5.82675e-10 6.50234e-13 0.194772 0.000391846 0.194772 0.610065
4.55064 6.92073e-10 1.07253e-12 0.23135 0.000657967 0.23135 0.536643
4.67064 8.04431e-10 1.76398e-12 0.268919 0.0010918 0.268919 0.461071
4.79064 9.14678e-10 2.88475e-12 0.305784 0.00179126 0.305784 0.386641
4.91064 1.01775e-09 4.68967e-12 0.340252 0.00291014 0.340252 0.316587
5.03064 1.10932e-09 7.59392e-12 0.370876 0.00469558 0.370876 0.253552
5.15064 1.18626e-09 1.23033e-11 0.396608 0.00756252 0.396608 0.199222
5.27064 1.24653e-09 2.01014e-11 0.41677 0.01226 0.41677 0.154201
5.39064 1.28845e-09 3.35478e-11 0.430793 0.0202851 0.430793 0.11813
5.51064 1.30863e-09 5.83021e-11 0.437549 0.0349886 0.437549 0.0899134
5.63064 1.29734e-09 1.07873e-10 0.433779 0.0645172 0.433779 0.0679244
5.75064 1.22843e-09 2.14026e-10 0.410743 0.128434 0.410743 0.0500794
5.87064 1.05011e-09 4.35007e-10 0.351122 0.26367 0.351122 0.0340866
5.99064 7.33312e-10 7.9741e-10 0.245191 0.490382 0.245191 0.019236
6.11064 3.99441e-10 1.1574e-09 0.13355 0.724423 0.13355 0.0084773
6.23064 1.89658e-10 1.36096e-09 0.0634005 0.869972 0.0634005 0.0032271
6.35064 8.89698e-11 1.4335e-09 0.0297316 0.939323 0.0297316 0.00121359
6.47064 4.33825e-11 1.44123e-09 0.0144887 0.970536 0.0144887 0.000486294
6.59064 2.2052e-11 1.42351e-09 0.00735801 0.985071 0.00735801 0.000212879
6.71064 1.1645e-11 1.40031e-09 0.00388041 0.992137 0.00388041 0.000102689
6.83064 6.55926e-12 1.38255e-09 0.00218163 0.99558 0.00218163 5.70143e-05
6.95064 4.34527e-12 1.37635e-09 0.00144136 0.997076 0.00144136 4.15065e-05
7.07064 3.94255e-12 1.3844e-09 0.00130306 0.997349 0.00130306 4.52978e-05
7.19064 5.02992e-12 1.40659e-09 0.00165579 0.996619 0.00165579 6.91778e-05
7.31064 7.83296e-12 1.44058e-09 0.00256775 0.994739 0.00256775 0.000125256
7.43064 1.32093e-11 1.48215e-09 0.0043108 0.991132 0.0043108 0.000246789
7.55064 2.30997e-11 1.52503e-09 0.00750186 0.984475 0.00750186 0.000520905
7.67064 4.17971e-11 1.55964e-09 0.0135048 0.9718 0.0135048 0.00119073
7.79064 7.92676e-11 1.56898e-09 0.0254844 0.946058 0.0254844 0.00297327
7.91064 1.58674e-10 1.5189e-09 0.0507949 0.89044 0.0507949 0.00797063
8.03064 3.24572e-10 1.34553e-09 0.103573 0.771328 0.103573 0.0215255
8.15064 6.09377e-10 9.93491e-10 0.194058 0.560003 0.194058 0.0518809
8.27064 9.15764e-10 5.73187e-10 0.291251 0.319171 0.291251 0.0983269
8.39064 1.09421e-09 2.83172e-10 0.347698 0.156421 0.347698 0.148183
8.51064 1.14402e-09 1.37637e-10 0.363277 0.0757486 0.363277 0.197697
8.63064 1.11991e-09 7.03233e-11 0.355422 0.0387003 0.355422 0.250456
8.75064 1.05592e-09 3.7946e-11 0.334949 0.0209189 0.334949 0.309183
8.87064 9.6826e-10 2.12443e-11 0.307009 0.0117306 0.307009 0.374252
8.99064 8.66154e-10 1.21203e-11 0.274522 0.00669397 0.274522 0.444261
9.11064 7.56657e-10 6.96179e-12 0.239727 0.00383716 0.239727 0.516709
9.23064 6.45996e-10 3.99931e-12 0.204592 0.00219331 0.204592 0.588623
9.35064 5.39525e-10 2.29191e-12 0.170811 0.0012455 0.170811 0.657133
9.47064 4.41377e-10 1.31102e-12 0.139688 0.000701607 0.139688 0.719922
9.59064 3.5423e-10 7.51234e-13 0.112068 0.000391982 0.112068 0.775472
9.71064 2.79342e-10 4.34305e-13 0.0883434 0.000217313 0.0883434 0.823096
9.83064 2.16784e-10 2.56332e-13 0.0685331 0.000119657 0.0685331 0.862814
9.95064 1.65785e-10 1.57163e-13 0.0523896 6.55045e-05 0.0523896 0.895155
10.0706 1.25078e-10 1.02294e-13 0.0395088 3.56892e-05 0.0395088 0.920947
10.1906 9.31801e-11 7.21324e-14 0.0294192 1.93713e-05 0.0294192 0.941142
10.3106 6.85908e-11 5.56505e-14 0.0216442 1.04837e-05 0.0216442 0.956701
10.4306 4.99146e-11 4.66958e-14 0.0157412 5.66154e-06 0.0157412 0.968512
10.5506 3.59228e-11 4.18592e-14 0.0113206 3.0528e-06 0.0113206 0.977356
10.6706 2.55754e-11 3.92638e-14 0.00805274 1.64456e-06 0.00805274 0.983893
10.7906 1.80172e-11 3.78813e-14 0.0056668 8.85516e-07 0.0056668 0.988666
10.9106 1.25623e-11 3.71517e-14 0.00394561 4.76806e-07 0.00394561 0.992108
11.0306 8.67139e-12 3.6771e-14 0.00271848 2.56863e-07 0.00271848 0.994563
11.1506 5.92774e-12 3.65754e-14 0.00185363 1.38533e-07 0.00185363 0.996293
11.2706 4.01488e-12 3.64769e-14 0.00125099 7.48714e-08 0.00125099 0.997498
11.3906 2.69606e-12 3.64287e-14 0.000835741 4.06143e-08 0.000835741 0.998328
11.5106 1.79674e-12 3.6406e-14 0.000552752 2.2174e-08 0.000552752 0.998894
11.6306 1.19009e-12 3.63961e-14 0.000361985 1.22432e-08 0.000361985 0.999276
11.7506 7.85214e-13 3.63922e-14 0.000234756 6.89225e-09 0.000234756 0.99953
11.8706 5.17821e-13 3.63911e-14 0.000150794 4.00742e-09 0.000150794 0.999698
11.9906 3.4304e-13 3.63911e-14 9.59563e-05 2.45119e-09 9.59563e-05 0.999808
12.1106 2.29951e-13 3.63916e-14 6.05056e-05 1.61117e-09 6.05056e-05 0.999879
12.2306 1.57515e-13 3.63921e-14 3.78195e-05 1.1575e-09 3.78195e-05 0.999924
12.3506 1.1159e-13 3.63925e-14 2.34507e-05 9.12395e-10 2.34507e-05 0.999953
12.4706 8.27926e-14 3.63928e-14 1.445e-05 7.79981e-10 1.445e-05 0.999971
12.5906 6.49771e-14 3.6393e-14 8.88784e-06 7.08568e-10 8.88784e-06 0.999982
12.7106 5.41849e-14 3.63932e-14 5.52199e-06 6.70318e-10 5.52199e-06 0.999989
12.8306 4.79257e-14 3.63933e-14 3.57184e-06 6.50333e-10 3.57184e-06 0.999993
12.9506 4.4704e-14 3.63933e-14 2.56886e-06 6.40818e-10 2.56886e-06 0.999995
13.0706 4.37204e-14 3.63933e-14 2.26276e-06 6.38033e-10 2.26276e-06 0.999995
