9.75092 6.91465e-14 3.63928e-14 1.06586e-05 6.73652e-10 1.06586e-05 0.999979
9.87092 7.34669e-14 3.63927e-14 1.20695e-05 6.83938e-10 1.20695e-05 0.999976
9.99092 8.71974e-14 3.63924e-14 1.65545e-05 7.18337e-10 1.65545e-05 0.999967
10.1109 1.13183e-13 3.63919e-14 2.50451e-05 7.89773e-10 2.50451e-05 0.99995
10.2309 1.56803e-13 3.63911e-14 3.93036e-05 9.25396e-10 3.93036e-05 0.999921
10.3509 2.26854e-13 3.639e-14 6.22117e-05 1.1769e-09 6.22117e-05 0.999876
10.4709 3.36942e-13 3.63883e-14 9.82291e-05 1.64021e-09 9.82291e-05 0.999804
10.5909 5.07544e-13 3.63861e-14 0.000154068 2.4922e-09 0.000154068 0.999692
10.7109 7.68913e-13 3.63832e-14 0.000239648 4.05829e-09 0.000239648 0.999521
10.8309 1.1651e-12 3.63799e-14 0.00036942 6.93709e-09 0.00036942 0.999261
10.9509 1.75939e-12 3.63769e-14 0.000564145 1.22297e-08 0.000564145 0.998872
11.0709 2.64149e-12 3.63761e-14 0.000853262 2.19616e-08 0.000853262 0.998294
11.1909 3.93687e-12 3.63817e-14 0.00127796 3.98582e-08 0.00127796 0.997444
11.3109 5.81865e-12 3.64024e-14 0.00189506 7.27698e-08 0.00189506 0.99621
11.4309 8.52232e-12 3.64562e-14 0.0027819 1.33286e-07 0.0027819 0.994436
11.5509 1.23636e-11 3.65775e-14 0.00404218 2.44521e-07 0.00404218 0.991916
11.6709 1.77595e-11 3.68323e-14 0.00581285 4.48858e-07 0.00581285 0.988374
11.7909 2.52516e-11 3.73446e-14 0.0082719 8.23858e-07 0.0082719 0.983455
11.9109 3.55318e-11 3.83443e-14 0.0116466 1.51108e-06 0.0116466 0.976705
12.0309 4.94657e-11 4.02536e-14 0.0162215 2.76795e-06 0.0162215 0.967554
12.1509 6.81122e-11 4.38408e-14 0.0223446 5.06048e-06 0.0223446 0.955306
12.2709 9.27293e-11 5.04905e-14 0.0304296 9.22722e-06 0.0304296 0.939132
12.3909 1.24755e-10 6.2676e-14 0.0409492 1.67659e-05 0.0409492 0.918085
12.5109 1.65747e-10 8.47703e-14 0.0544158 3.03271e-05 0.0544158 0.891138
12.6309 2.17257e-10 1.24417e-13 0.0713402 5.45499e-05 0.0713402 0.857265
12.7509 2.80626e-10 1.94807e-13 0.0921638 9.74488e-05 0.0921638 0.815575
12.8709 3.56682e-10 3.18387e-13 0.11716 0.000172666 0.11716 0.765507
12.9909 4.45383e-10 5.32789e-13 0.146317 0.000303059 0.146317 0.707063
13.1109 5.45459e-10 9.00208e-13 0.179218 0.000526315 0.179218 0.641038
13.2309 6.54193e-10 1.52218e-12 0.214971 0.00090371 0.214971 0.569154
13.3509 7.67468e-10 2.56331e-12 0.252226 0.00153393 0.252226 0.494014
13.4709 8.80163e-10 4.29074e-12 0.289299 0.00257575 0.289299 0.418826
13.5909 9.86819e-10 7.14448e-12 0.324396 0.00428786 0.324396 0.34692
13.7109 1.08237e-09 1.18741e-11 0.35585 0.00710611 0.35585 0.281194
13.8309 1.16255e-09 1.98348e-11 0.382263 0.0118117 0.382263 0.223662
13.9509 1.22369e-09 3.3698e-11 0.40242 0.0199417 0.40242 0.175217
14.0709 1.26102e-09 5.9291e-11 0.414755 0.0348701 0.414755 0.13562
14.1909 1.26425e-09 1.10353e-10 0.415884 0.0646567 0.415884 0.103576
14.3109 1.20786e-09 2.1891e-10 0.397402 0.128407 0.397402 0.076789
14.4309 1.04181e-09 4.43511e-10 0.34284 0.261934 0.34284 0.0523862
14.5509 7.36969e-10 8.12137e-10 0.242588 0.485177 0.242588 0.0296476
14.6709 4.0894e-10 1.18273e-09 0.134663 0.717556 0.134663 0.0131187
14.7909 1.98258e-10 1.3967e-09 0.0653219 0.864358 0.0653219 0.00499811
14.9109 9.51316e-11 1.47468e-09 0.0313654 0.935397 0.0313654 0.00187269
15.0309 4.75535e-11 1.4828e-09 0.0156895 0.967876 0.0156895 0.000745516
15.1509 2.48006e-11 1.46127e-09 0.00818694 0.983303 0.00818694 0.000323285
15.2709 1.3368e-11 1.43063e-09 0.00441395 0.99102 0.00441395 0.000152497
15.3909 7.51228e-12 1.40251e-09 0.00248006 0.994961 0.00248006 7.89086e-05
15.5109 4.68108e-12 1.3841e-09 0.00154431 0.996863 0.00154431 4.79579e-05
15.6309 3.7249e-12 1.37953e-09 0.00122725 0.997505 0.00122725 3.99812e-05
15.7509 4.22804e-12 1.39012e-09 0.00139052 0.997169 0.00139052 4.99942e-05
15.8709 6.29292e-12 1.41464e-09 0.00206528 0.995786 0.00206528 8.29063e-05
15.9909 1.0578e-11 1.44953e-09 0.00346316 0.992916 0.00346316 0.000157316
16.1109 1.86271e-11 1.48905e-09 0.00608114 0.987515 0.00608114 0.000322632
16.2309 3.38089e-11 1.52468e-09 0.0110027 0.977281 0.0110027 0.000713277
16.3509 6.37991e-11 1.54243e-09 0.020695 0.956892 0.020695 0.00171818
16.4709 1.26612e-10 1.51571e-09 0.0409464 0.91362 0.0409464 0.00448744
16.5909 2.60472e-10 1.39232e-09 0.0840346 0.819778 0.0840346 0.0121533
16.7109 5.13e-10 1.10438e-09 0.165235 0.638694 0.165235 0.0308364
16.8309 8.41189e-10 6.91661e-10 0.270659 0.394801 0.270659 0.0638811
16.9509 1.08115e-09 3.55873e-10 0.347624 0.201356 0.347624 0.103396
17.0709 1.18018e-09 1.73575e-10 0.379262 0.0977975 0.379262 0.143678
17.1909 1.1882e-09 8.80324e-11 0.381675 0.0496101 0.381675 0.18704
17.3109 1.1469e-09 4.73485e-11 0.368272 0.026762 0.368272 0.236695
17.4309 1.07608e-09 2.66188e-11 0.345414 0.0150986 0.345414 0.294074
17.5509 9.85415e-10 1.53369e-11 0.316211 0.00872123 0.316211 0.358857
17.6709 8.81529e-10 8.92485e-12 0.282791 0.005078 0.282791 0.42934
17.7909 7.70486e-10 5.19983e-12 0.247099 0.00295265 0.247099 0.50285
17.9109 6.58176e-10 3.0203e-12 0.211022 0.00170582 0.211022 0.57625
18.0309 5.49916e-10 1.74728e-12 0.176264 0.000976835 0.176264 0.646495
18.1509 4.49932e-10 1.00865e-12 0.144177 0.000554043 0.144177 0.711092
18.2709 3.61029e-10 5.839e-13 0.115657 0.000311312 0.115657 0.768375
18.3909 2.84567e-10 3.42016e-13 0.0911358 0.000173427 0.0911358 0.817555
18.5109 2.20676e-10 2.05584e-13 0.0706526 9.58885e-05 0.0706526 0.858599
18.6309 1.68601e-10 1.29321e-13 0.0539626 5.268e-05 0.0539626 0.892022
18.7509 1.2706e-10 8.70434e-14 0.0406527 2.87904e-05 0.0406527 0.918666
18.8709 9.4538e-11 6.37847e-14 0.0302354 1.56685e-05 0.0302354 0.939513
18.9909 6.94954e-11 5.10819e-14 0.0222163 8.49937e-06 0.0222163 0.955559
19.1109 5.04993e-11 4.41944e-14 0.0161352 4.59914e-06 0.0161352 0.967725
19.2309 3.62878e-11 4.04885e-14 0.0115871 2.48425e-06 0.0115871 0.976823
19.3509 2.57936e-11 3.85117e-14 0.00822983 1.34029e-06 0.00822983 0.983539
19.4709 1.81405e-11 3.74682e-14 0.00578228 7.22629e-07 0.00578228 0.988435
19.5909 1.26264e-11 3.69244e-14 0.00401944 3.89551e-07 0.00401944 0.991961
19.7109 8.69995e-12 3.66458e-14 0.00276467 2.10083e-07 0.00276467 0.99447
19.8309 5.9363e-12 3.65064e-14 0.00188185 1.13427e-07 0.00188185 0.996236
19.9509 4.01312e-12 3.64388e-14 0.00126778 6.13817e-08 0.00126778 0.997464
20.0709 2.68973e-12 3.64076e-14 0.00084542 3.33571e-08 0.00084542 0.998309
20.1909 1.78909e-12 3.63944e-14 0.000558123 1.82644e-08 0.000558123 0.998884
20.3109 1.18279e-12 3.63896e-14 0.000364822 1.0134e-08 0.000364822 0.99927
20.4309 7.7898e-13 3.63887e-14 0.000236154 5.75269e-09 0.000236154 0.999528
20.5509 5.12858e-13 3.63891e-14 0.000151411 3.39076e-09 0.000151411 0.999697
20.6709 3.39291e-13 3.63901e-14 9.61768e-05 2.11697e-09 9.61768e-05 0.999808
20.7909 2.27252e-13 3.6391e-14 6.05484e-05 1.42975e-09 6.05484e-05 0.999879
20.9109 1.55684e-13 3.63917e-14 3.78072e-05 1.05892e-09 3.78072e-05 0.999924
21.0309 1.10479e-13 3.63923e-14 2.34549e-05 8.58858e-10 2.34549e-05 0.999953
21.1509 8.23188e-14 3.63927e-14 1.45215e-05 7.51122e-10 1.45215e-05 0.999971
21.2709 6.51469e-14 3.6393e-14 9.07859e-06 6.93497e-10 9.07859e-06 0.999982
21.3909 5.51263e-14 3.63931e-14 5.90486e-06 6.63419e-10 5.90486e-06 0.999988
21.5109 4.99395e-14 3.63932e-14 4.2631e-06 6.49099e-10 4.2631e-06 0.999991
21.6309 4.83468e-14 3.63932e-14 3.75913e-06 6.44898e-10 3.75913e-06 0.999992
