7.78205 6.33532e-14 3.63929e-14 8.70616e-06 6.66213e-10 8.70616e-06 0.999983
7.90205 6.69106e-14 3.63928e-14 9.85961e-06 6.7489e-10 9.85961e-06 0.99998
8.02205 7.82845e-14 3.63926e-14 1.35484e-05 7.04057e-10 1.35484e-05 0.999973
8.14205 9.99143e-14 3.63922e-14 2.05659e-05 7.64826e-10 2.05659e-05 0.999959
8.26205 1.36394e-13 3.63916e-14 3.2407e-05 8.80514e-10 3.2407e-05 0.999935
8.38205 1.95251e-13 3.63906e-14 5.15215e-05 1.09559e-09 5.15215e-05 0.999897
8.50205 2.88179e-13 3.63893e-14 8.17167e-05 1.49282e-09 8.17167e-05 0.999837
8.62205 4.3286e-13 3.63875e-14 0.000128751 2.22511e-09 0.000128751 0.999743
8.74205 6.55549e-13 3.63852e-14 0.000201179 3.57461e-09 0.000201179 0.999598
8.86205 9.94683e-13 3.63827e-14 0.000311527 6.06171e-09 0.000311527 0.999377
8.98205 1.50576e-12 3.63805e-14 0.000477889 1.06462e-08 0.000477889 0.999044
9.10205 2.2679e-12 3.63805e-14 0.000726065 1.90986e-08 0.000726065 0.998548
9.22205 3.39235e-12 3.63865e-14 0.00109234 3.46847e-08 0.00109234 0.997815
9.34205 5.03344e-12 3.64066e-14 0.00162708 6.34276e-08 0.00162708 0.996746
9.46205 7.40231e-12 3.64567e-14 0.00239918 1.16431e-07 0.00239918 0.995202
9.58205 1.07837e-11 3.65683e-14 0.00350159 2.14147e-07 0.00350159 0.992997
9.70205 1.55557e-11 3.68014e-14 0.00505778 3.94211e-07 0.00505778 0.989884
9.82205 2.22129e-11 3.72689e-14 0.00722923 7.25751e-07 0.00722923 0.985541
9.94205 3.13907e-11 3.81806e-14 0.0102235 1.33545e-06 0.0102235 0.979552
10.0621 4.38905e-11 3.99234e-14 0.0143024 2.45473e-06 0.0143024 0.971393
10.1821 6.07012e-11 4.32036e-14 0.0197892 4.5046e-06 0.0197892 0.960417
10.3021 8.30104e-11 4.93007e-14 0.0270718 8.24684e-06 0.0270718 0.945848
10.4221 1.12196e-10 6.05121e-14 0.0366009 1.50506e-05 0.0366009 0.926783
10.5421 1.49783e-10 8.09247e-14 0.048875 2.73562e-05 0.048875 0.902223
10.6621 1.97342e-10 1.17733e-13 0.0644082 4.94685e-05 0.0644082 0.871134
10.7821 2.56316e-10 1.83456e-13 0.0836731 8.88912e-05 0.0836731 0.832565
10.9021 3.27755e-10 2.99583e-13 0.107014 0.000158524 0.107014 0.785814
11.0221 4.1197e-10 5.02502e-13 0.134534 0.000280207 0.134534 0.730652
11.1421 5.08169e-10 8.52956e-13 0.165976 0.000490355 0.165976 0.667557
11.2621 6.14168e-10 1.45111e-12 0.200629 0.000848822 0.200629 0.597893
11.3821 7.26326e-10 2.46082e-12 0.237305 0.00145299 0.237305 0.523937
11.5021 8.39803e-10 4.15004e-12 0.274423 0.00246088 0.274423 0.448694
11.6221 9.49125e-10 6.96246e-12 0.310195 0.00413161 0.310195 0.375479
11.7421 1.0489e-09 1.16561e-11 0.342857 0.00690321 0.342857 0.307382
11.8621 1.13432e-09 1.96018e-11 0.370842 0.0115612 0.370842 0.246755
11.9821 1.20109e-09 3.34973e-11 0.392738 0.0196473 0.392738 0.194878
12.1021 1.2439e-09 5.92117e-11 0.406813 0.034533 0.406813 0.151842
12.2221 1.25219e-09 1.10549e-10 0.409605 0.0642428 0.409605 0.116547
12.3421 1.20044e-09 2.19651e-10 0.392768 0.12776 0.392768 0.0867042
12.4621 1.03889e-09 4.45368e-10 0.340008 0.260692 0.340008 0.0592923
12.5821 7.37911e-10 8.1649e-10 0.241593 0.483188 0.241593 0.0336262
12.7021 4.11473e-10 1.19102e-09 0.134791 0.715517 0.134791 0.0149011
12.8221 2.00488e-10 1.40833e-09 0.0657293 0.862866 0.0657293 0.00567588
12.9421 9.67337e-11 1.48786e-09 0.0317475 0.934383 0.0317475 0.00212253
13.0621 4.86708e-11 1.4961e-09 0.0159921 0.967173 0.0159921 0.00084264
13.1821 2.55733e-11 1.47364e-09 0.00841172 0.982812 0.00841172 0.00036435
13.3021 1.38858e-11 1.44119e-09 0.004571 0.990687 0.004571 0.000171171
13.4221 7.83273e-12 1.41043e-09 0.00257948 0.994753 0.00257948 8.75817e-05
13.5421 4.8416e-12 1.38872e-09 0.00159434 0.99676 0.00159434 5.14657e-05
13.6621 3.74743e-12 1.38051e-09 0.00123329 0.997493 0.00123329 4.00948e-05
13.7821 4.12025e-12 1.38752e-09 0.00135457 0.997244 0.00135457 4.68244e-05
13.9021 6.04756e-12 1.40887e-09 0.0019854 0.995954 0.0019854 7.49985e-05
14.0221 1.01696e-11 1.44124e-09 0.00333274 0.993194 0.00333274 0.000140567
14.1421 1.80012e-11 1.47898e-09 0.00588655 0.98794 0.00588655 0.00028672
14.2621 3.28503e-11 1.51357e-09 0.0107156 0.977938 0.0107156 0.000630812
14.3821 6.22433e-11 1.53123e-09 0.0202498 0.957989 0.0202498 0.00151125
14.5021 1.23852e-10 1.50603e-09 0.0401932 0.915686 0.0401932 0.0039278
14.6221 2.55461e-10 1.38717e-09 0.0827373 0.823909 0.0827373 0.0106161
14.7421 5.05852e-10 1.10695e-09 0.163605 0.645771 0.163605 0.0270188
14.8621 8.37266e-10 6.99069e-10 0.27055 0.402469 0.27055 0.0564308
14.9821 1.08604e-09 3.61772e-10 0.350725 0.206431 0.350725 0.0921191
15.1021 1.19363e-09 1.76946e-10 0.385295 0.10054 0.385295 0.12887
15.2221 1.20871e-09 8.99484e-11 0.390018 0.0511284 0.390018 0.168836
15.3421 1.17359e-09 4.85401e-11 0.37856 0.0276855 0.37856 0.215194
15.4621 1.10822e-09 2.74144e-11 0.357368 0.0157016 0.357368 0.269562
15.5821 1.02199e-09 1.58832e-11 0.32947 0.00912684 0.32947 0.331933
15.7021 9.2108e-10 9.29928e-12 0.296862 0.00535099 0.296862 0.400924
15.8221 8.11232e-10 5.45199e-12 0.261393 0.00313371 0.261393 0.47408
15.9421 6.98248e-10 3.18603e-12 0.224933 0.00182334 0.224933 0.548311
16.0621 5.87648e-10 1.85335e-12 0.189259 0.0010513 0.189259 0.620431
16.1821 4.84074e-10 1.07476e-12 0.155864 0.000600109 0.155864 0.687672
16.3021 3.90841e-10 6.24102e-13 0.125814 0.00033918 0.125814 0.748033
16.4221 3.09798e-10 3.65914e-13 0.0997001 0.00018995 0.0997001 0.80041
16.5421 2.41459e-10 2.19503e-13 0.0776864 0.000105516 0.0776864 0.844522
16.6621 1.85327e-10 1.3728e-13 0.0596096 5.82075e-05 0.0596096 0.880723
16.7821 1.40253e-10 9.15174e-14 0.0450976 3.19254e-05 0.0450976 0.909773
16.9021 1.04762e-10 6.62591e-14 0.0336741 1.74289e-05 0.0336741 0.932634
17.0221 7.72958e-11 5.24279e-14 0.0248357 9.48005e-06 0.0248357 0.950319
17.1421 5.63662e-11 4.49133e-14 0.0181025 5.14198e-06 0.0181025 0.96379
17.2621 4.06422e-11 4.08642e-14 0.0130454 2.78323e-06 0.0130454 0.973906
17.3821 2.89849e-11 3.87027e-14 0.00929724 1.50433e-06 0.00929724 0.981404
17.5021 2.04511e-11 3.75616e-14 0.00655423 8.12365e-07 0.00655423 0.986891
17.6221 1.42797e-11 3.69675e-14 0.00457118 4.38531e-07 0.00457118 0.990857
17.7421 9.86936e-12 3.66638e-14 0.0031545 2.36773e-07 0.0031545 0.993691
17.8621 6.75409e-12 3.65123e-14 0.00215418 1.27953e-07 0.00215418 0.995691
17.9821 4.57864e-12 3.64394e-14 0.00145592 6.92807e-08 0.00145592 0.997088
18.1021 3.07652e-12 3.64062e-14 0.00097397 3.76496e-08 0.00097397 0.998052
18.2221 2.05079e-12 3.63924e-14 0.000645013 2.05959e-08 0.000645013 0.99871
18.3421 1.35797e-12 3.63878e-14 0.000422931 1.13999e-08 0.000422931 0.999154
18.4621 8.95024e-13 3.63872e-14 0.000274611 6.43981e-09 0.000274611 0.999451
18.5821 5.88947e-13 3.6388e-14 0.000176602 3.7636e-09 0.000176602 0.999647
18.7021 3.88686e-13 3.63893e-14 0.000112515 2.31919e-09 0.000112515 0.999775
18.8221 2.59012e-13 3.63904e-14 7.10434e-05 1.53939e-09 7.10434e-05 0.999858
18.9421 1.75925e-13 3.63913e-14 4.44893e-05 1.11832e-09 4.44893e-05 0.999911
19.0621 1.23288e-13 3.6392e-14 2.76788e-05 8.91036e-10 2.76788e-05 0.999945
19.1821 9.03999e-14 3.63925e-14 1.71836e-05 7.68572e-10 1.71836e-05 0.999966
19.3021 7.02873e-14 3.63928e-14 1.07701e-05 7.03034e-10 1.07701e-05 0.999978
19.4221 5.85174e-14 3.63931e-14 7.01946e-06 6.68802e-10 7.01946e-06 0.999986
19.5421 5.24079e-14 3.63932e-14 5.07366e-06 6.52486e-10 5.07366e-06 0.99999
19.6621 5.05254e-14 3.63932e-14 4.47432e-06 6.47687e-10 4.47432e-06 0.999991
