3.45055 6.97768e-14 3.63928e-14 1.08308e-05 6.75152e-10 1.08308e-05 0.999978
3.57055 7.41793e-14 3.63927e-14 1.22644e-05 6.85714e-10 1.22644e-05 0.999976
3.69055 8.80867e-14 3.63924e-14 1.6794e-05 7.20819e-10 1.6794e-05 0.999966
3.81055 1.14296e-13 3.63919e-14 2.53332e-05 7.93388e-10 2.53332e-05 0.999949
3.93055 1.58135e-13 3.63911e-14 3.96219e-05 9.30597e-10 3.96219e-05 0.999921
4.05055 2.28312e-13 3.639e-14 6.25063e-05 1.18408e-09 6.25063e-05 0.999875
4.17055 3.38288e-13 3.63883e-14 9.83851e-05 1.64945e-09 9.83851e-05 0.999803
4.29055 5.08282e-13 3.63861e-14 0.000153869 2.50252e-09 0.000153869 0.999692
4.41055 7.6813e-13 3.63834e-14 0.000238714 4.06609e-09 0.000238714 0.999523
4.53055 1.16121e-12 3.63802e-14 0.000367112 6.9327e-09 0.000367112 0.999266
4.65055 1.74979e-12 3.63774e-14 0.000559433 1.21903e-08 0.000559433 0.998881
4.77055 2.62203e-12 3.63768e-14 0.000844532 2.18369e-08 0.000844532 0.998311
4.89055 3.90115e-12 3.63827e-14 0.00126275 3.95418e-08 0.00126275 0.997474
5.01055 5.7571e-12 3.64039e-14 0.00186973 7.20436e-08 0.00186973 0.99626
5.13055 8.42093e-12 3.6458e-14 0.00274115 1.31712e-07 0.00274115 0.994517
5.25055 1.22024e-11 3.65791e-14 0.00397847 2.41238e-07 0.00397847 0.992043
5.37055 1.75106e-11 3.68326e-14 0.00571569 4.42194e-07 0.00571569 0.988568
5.49055 2.4877e-11 3.73408e-14 0.00812702 8.10611e-07 0.00812702 0.983745
5.61055 3.49806e-11 3.83305e-14 0.011435 1.4852e-06 0.011435 0.977129
5.73055 4.86718e-11 4.02179e-14 0.0159183 2.71815e-06 0.0159183 0.968161
5.85055 6.6992e-11 4.37597e-14 0.0219184 4.96601e-06 0.0219184 0.956158
5.97055 9.118e-11 5.03204e-14 0.0298415 9.05049e-06 0.0298415 0.940308
6.09055 1.22656e-10 6.23377e-14 0.0401536 1.644e-05 0.0401536 0.919677
6.21055 1.62964e-10 8.41236e-14 0.0533611 2.97353e-05 0.0533611 0.893248
6.33055 2.13655e-10 1.23223e-13 0.069973 5.34936e-05 0.069973 0.860001
6.45055 2.76086e-10 1.92673e-13 0.0904352 9.55995e-05 0.0904352 0.819034
6.57055 3.51131e-10 3.14695e-13 0.115035 0.000169499 0.115035 0.76976
6.69055 4.38825e-10 5.26617e-13 0.143787 0.000297768 0.143787 0.712129
6.81055 5.38012e-10 8.90263e-13 0.176312 0.000517721 0.176312 0.646859
6.93055 6.46102e-10 1.5068e-12 0.211763 0.000890182 0.211763 0.575584
7.05055 7.59101e-10 2.5406e-12 0.248832 0.00151335 0.248832 0.500822
7.17055 8.71962e-10 4.25894e-12 0.285866 0.00254557 0.285866 0.425723
7.29055 9.79233e-10 7.10276e-12 0.321077 0.0042453 0.321077 0.353601
7.41055 1.07577e-09 1.18239e-11 0.352779 0.0070485 0.352779 0.287393
7.53055 1.15721e-09 1.9782e-11 0.379537 0.0117369 0.379537 0.229189
7.65055 1.2197e-09 3.36573e-11 0.40009 0.0198482 0.40009 0.179971
7.77055 1.25835e-09 5.92925e-11 0.412832 0.0347554 0.412832 0.139581
7.89055 1.26279e-09 1.10457e-10 0.414359 0.0645092 0.414359 0.106774
8.01055 1.20746e-09 2.19243e-10 0.396278 0.128188 0.396278 0.0792556
8.13055 1.04231e-09 4.44359e-10 0.342156 0.261569 0.342156 0.0541181
8.25055 7.38015e-10 8.14057e-10 0.242337 0.484674 0.242337 0.0306509
8.37055 4.10076e-10 1.18593e-09 0.134712 0.717005 0.134712 0.0135702
8.49055 1.99091e-10 1.40094e-09 0.0654432 0.863943 0.0654432 0.00517056
8.61055 9.56843e-11 1.47941e-09 0.0314774 0.935109 0.0314774 0.00193651
8.73055 4.79242e-11 1.4876e-09 0.0157787 0.967672 0.0157787 0.000770419
8.85055 2.50539e-11 1.46588e-09 0.0082545 0.983157 0.0082545 0.000333877
8.97055 1.35407e-11 1.43484e-09 0.00446306 0.990917 0.00446306 0.000157375
9.09055 7.62801e-12 1.40611e-09 0.00251425 0.99489 0.00251425 8.12507e-05
9.21055 4.75789e-12 1.38693e-09 0.00156747 0.996816 0.00156747 4.90305e-05
9.33055 3.77993e-12 1.38148e-09 0.00124395 0.997472 0.00124395 4.03009e-05
9.45055 4.28187e-12 1.3912e-09 0.00140698 0.997136 0.00140698 4.97267e-05
9.57055 6.37652e-12 1.41489e-09 0.00209141 0.995735 0.00209141 8.19907e-05
9.69055 1.07464e-11 1.44899e-09 0.00351697 0.992811 0.00351697 0.000155468
9.81055 1.89897e-11 1.48767e-09 0.00619882 0.987283 0.00619882 0.000319276
9.93055 3.46036e-11 1.5222e-09 0.0112632 0.976766 0.0112632 0.000707442
10.0505 6.5579e-11 1.53825e-09 0.0212818 0.955728 0.0212818 0.00170827
10.1705 1.30663e-10 1.50843e-09 0.0422862 0.910959 0.0422862 0.00446831
10.2905 2.69251e-10 1.37942e-09 0.086947 0.81402 0.086947 0.0120862
10.4105 5.28209e-10 1.0847e-09 0.170316 0.628898 0.170316 0.0304702
10.5305 8.57888e-10 6.72408e-10 0.276354 0.38485 0.276354 0.0624419
10.6505 1.09388e-09 3.4445e-10 0.352146 0.195451 0.352146 0.100257
10.7705 1.19018e-09 1.68304e-10 0.382961 0.0951206 0.382961 0.138958
10.8905 1.19779e-09 8.57369e-11 0.385255 0.0484791 0.385255 0.18101
11.0105 1.15726e-09 4.63288e-11 0.372089 0.0262812 0.372089 0.22954
11.1305 1.08757e-09 2.61526e-11 0.34957 0.0148923 0.34957 0.285967
11.2505 9.97946e-10 1.51221e-11 0.320668 0.00863498 0.320668 0.350029
11.3705 8.94743e-10 8.8279e-12 0.287426 0.00504509 0.287426 0.420103
11.4905 7.83876e-10 5.1584e-12 0.251744 0.00294287 0.251744 0.493569
11.6105 6.71192e-10 3.00437e-12 0.215499 0.00170527 0.215499 0.567296
11.7305 5.62071e-10 1.74239e-12 0.180417 0.000979263 0.180417 0.638186
11.8505 4.60865e-10 1.00808e-12 0.147893 0.000556876 0.147893 0.703656
11.9705 3.70537e-10 5.84693e-13 0.118876 0.000313662 0.118876 0.761935
12.0905 2.92593e-10 3.43005e-13 0.093844 0.000175124 0.093844 0.812137
12.2105 2.27278e-10 2.0639e-13 0.0728745 9.70231e-05 0.0728745 0.854154
12.3305 1.73912e-10 1.29882e-13 0.0557463 5.34019e-05 0.0557463 0.888454
12.4505 1.31251e-10 8.73988e-14 0.0420576 2.92341e-05 0.0420576 0.915856
12.5705 9.77897e-11 6.39957e-14 0.0313235 1.59345e-05 0.0313235 0.937337
12.6905 7.19801e-11 5.12001e-14 0.0230465 8.656e-06 0.0230465 0.953898
12.8105 5.23716e-11 4.42567e-14 0.0167599 4.69007e-06 0.0167599 0.966475
12.9305 3.76804e-11 4.05188e-14 0.0120513 2.53648e-06 0.0120513 0.975895
13.0505 2.68167e-11 3.85247e-14 0.00857038 1.37005e-06 0.00857038 0.982858
13.1705 1.88831e-11 3.74723e-14 0.00602919 7.39481e-07 0.00602919 0.987941
13.2905 1.31591e-11 3.69244e-14 0.00419638 3.99047e-07 0.00419638 0.991607
13.4105 9.07777e-12 3.66441e-14 0.00289004 2.15413e-07 0.00289004 0.99422
13.5305 6.20127e-12 3.65042e-14 0.00196968 1.1641e-07 0.00196968 0.996061
13.6505 4.19688e-12 3.64368e-14 0.00132863 6.30469e-08 0.00132863 0.997343
13.7705 2.8158e-12 3.6406e-14 0.000887125 3.42849e-08 0.000887125 0.998226
13.8905 1.87465e-12 3.63931e-14 0.0005864 1.87805e-08 0.0005864 0.998827
14.0105 1.24024e-12 3.63887e-14 0.000383793 1.04206e-08 0.000383793 0.999232
14.1305 8.17161e-13 3.6388e-14 0.00024875 5.91167e-09 0.00024875 0.999502
14.2505 5.37977e-13 3.63887e-14 0.000159689 3.47883e-09 0.000159689 0.999681
14.3705 3.55653e-13 3.63897e-14 0.000101564 2.16568e-09 0.000101564 0.999797
14.4905 2.37809e-13 3.63908e-14 6.40212e-05 1.45665e-09 6.40212e-05 0.999872
14.6105 1.62435e-13 3.63916e-14 4.0026e-05 1.07375e-09 4.0026e-05 0.99992
14.7305 1.14766e-13 3.63922e-14 2.48621e-05 8.67022e-10 2.48621e-05 0.99995
14.8505 8.50309e-14 3.63926e-14 1.54109e-05 7.55609e-10 1.54109e-05 0.999969
14.9705 6.68749e-14 3.63929e-14 9.6447e-06 6.95974e-10 9.6447e-06 0.999981
15.0905 5.62654e-14 3.63931e-14 6.27771e-06 6.6482e-10 6.27771e-06 0.999987
15.2105 5.07656e-14 3.63932e-14 4.53331e-06 6.49973e-10 4.53331e-06 0.999991
15.3305 4.90734e-14 3.63932e-14 3.99675e-06 6.45609e-10 3.99675e-06 0.999992
