41.2527 2.61819e-05 1.43846e-05 4.5207e-23 1.92212e-27 4.5207e-23 0.999959
41.3727 2.7763e-05 1.43845e-05 5.12893e-23 1.95567e-27 5.12893e-23 0.999958
41.4927 3.28647e-05 1.43845e-05 7.09197e-23 2.06967e-27 7.09197e-23 0.999953
41.6127 4.26482e-05 1.43844e-05 1.08578e-22 2.30985e-27 1.08578e-22 0.999943
41.7327 5.92916e-05 1.43842e-05 1.72672e-22 2.77271e-27 1.72672e-22 0.999926
41.8527 8.63828e-05 1.4384e-05 2.77052e-22 3.64436e-27 2.77052e-22 0.999899
41.9727 0.000129539 1.43837e-05 4.43411e-22 5.27546e-27 4.43411e-22 0.999856
42.0927 0.000197325 1.43833e-05 7.04844e-22 8.32268e-27 7.04844e-22 0.999788
42.2127 0.00030258 1.43829e-05 1.11097e-21 1.40137e-26 1.11097e-21 0.999683
42.3327 0.00046427 1.43826e-05 1.7351e-21 2.46429e-26 1.7351e-21 0.999521
42.4527 0.000710037 1.43828e-05 2.68415e-21 4.44987e-26 2.68415e-21 0.999276
42.5727 0.00107965 1.43844e-05 4.11194e-21 8.15968e-26 4.11194e-21 0.998906
42.6927 0.00162956 1.4389e-05 6.23692e-21 1.5092e-25 6.23692e-21 0.998356
42.8127 0.00243881 1.44002e-05 9.36502e-21 2.80472e-25 9.36502e-21 0.997547
42.9327 0.00361658 1.4425e-05 1.39189e-20 5.22571e-25 1.39189e-20 0.996369
43.0527 0.00531149 1.44769e-05 2.0474e-20 9.74923e-25 2.0474e-20 0.994674
43.1727 0.00772289 1.45816e-05 2.98024e-20 1.81982e-24 2.98024e-20 0.992263
43.2927 0.0111141 1.47875e-05 4.29242e-20 3.39694e-24 4.29242e-20 0.988871
43.4127 0.0158272 1.51856e-05 6.11649e-20 6.33807e-24 6.11649e-20 0.984158
43.5327 0.0222989 1.59449e-05 8.62166e-20 1.18154e-23 8.62166e-20 0.977685
43.6527 0.0310756 1.73777e-05 1.20197e-19 2.19965e-23 1.20197e-19 0.968907
43.7727 0.0428251 2.00576e-05 1.65696e-19 4.08725e-23 1.65696e-19 0.957155
43.8927 0.0583405 2.50312e-05 2.25788e-19 7.57518e-23 2.25788e-19 0.941635
44.0127 0.0785287 3.41945e-05 3.03991e-19 1.39925e-22 3.03991e-19 0.921437
44.1327 0.104373 5.09539e-05 4.04122e-19 2.57362e-22 4.04122e-19 0.895576
44.2527 0.13686 8.13711e-05 5.30007e-19 4.70848e-22 5.30007e-19 0.863059
44.3727 0.17685 0.000136115 6.84992e-19 8.5587e-22 6.84992e-19 0.823014
44.4927 0.224901 0.000233739 8.71247e-19 1.54384e-21 8.71247e-19 0.774866
44.6127 0.28104 0.0004061 1.0889e-18 2.76034e-21 1.0889e-18 0.718554
44.7327 0.344544 0.000707256 1.33515e-18 4.88734e-21 1.33515e-18 0.654748
44.8527 0.413783 0.00122811 1.6037e-18 8.56443e-21 1.6037e-18 0.584989
44.9727 0.486214 0.00212102 1.8847e-18 1.48569e-20 1.8847e-18 0.511664
45.0927 0.558576 0.00364339 2.16552e-18 2.55485e-20 2.16552e-18 0.43778
45.2127 0.627244 0.00624076 2.43211e-18 4.36971e-20 2.43211e-18 0.366515
45.3327 0.688581 0.010723 2.67037e-18 7.48115e-20 2.67037e-18 0.300695
45.4527 0.739018 0.0186801 2.86645e-18 1.29655e-19 2.86645e-18 0.242302
45.5727 0.774321 0.033545 3.00393e-18 2.31524e-19 3.00393e-18 0.192135
45.6927 0.787074 0.0633356 3.05403e-18 4.35325e-19 3.05403e-18 0.14959
45.8127 0.760807 0.126697 2.95279e-18 8.70534e-19 2.95279e-18 0.112496
45.9327 0.664168 0.258229 2.57845e-18 1.78283e-18 2.57845e-18 0.0776035
46.0527 0.477778 0.477777 1.85555e-18 3.33079e-18 1.85555e-18 0.0444446
46.1727 0.271252 0.708828 1.05405e-18 5.01334e-18 1.05405e-18 0.0199199
46.2927 0.134998 0.857342 5.25024e-19 6.18504e-18 5.25024e-19 0.00765975
46.4127 0.0667545 0.930361 2.59902e-19 6.8864e-18 2.59902e-19 0.00288449
46.5327 0.034551 0.964296 1.34684e-19 7.35996e-18 1.34684e-19 0.0011527
46.6527 0.0187346 0.980763 7.31121e-20 7.73853e-18 7.31121e-20 0.000503004
46.7727 0.0105346 0.989226 4.11483e-20 8.06006e-18 4.11483e-20 0.000239851
46.8927 0.00620434 0.99367 2.42483e-20 8.31624e-18 2.42483e-20 0.000125888
47.0127 0.00408482 0.995838 1.59682e-20 8.48216e-18 1.59682e-20 7.73737e-05
47.1327 0.00344998 0.996486 1.34847e-20 8.53516e-18 1.34847e-20 6.43177e-05
47.2527 0.00408676 0.995834 1.59664e-20 8.467e-18 1.59664e-20 7.93021e-05
47.3727 0.00618646 0.993683 2.41512e-20 8.28814e-18 2.41512e-20 0.00013051
47.4927 0.0104404 0.989311 4.07138e-20 8.02276e-18 4.07138e-20 0.000249192
47.6127 0.0184344 0.981044 7.1788e-20 7.69639e-18 7.1788e-20 0.000521861
47.7327 0.0337419 0.965065 1.31187e-19 7.31804e-18 1.31187e-19 0.00119308
47.8527 0.0647153 0.932305 2.51192e-19 6.8522e-18 2.51192e-19 0.00297958
47.9727 0.130163 0.861924 5.04483e-19 6.17204e-18 5.04483e-19 0.00791258
48.0927 0.261483 0.717845 1.01233e-18 5.0387e-18 1.01233e-18 0.0206717
48.2127 0.463994 0.489398 1.79502e-18 3.38619e-18 1.79502e-18 0.0466083
48.3327 0.651139 0.266605 2.51778e-18 1.8272e-18 2.51778e-18 0.0822555
48.4527 0.749387 0.130835 2.89665e-18 8.92523e-19 2.89665e-18 0.119778
48.5727 0.775688 0.0651124 2.99744e-18 4.44308e-19 2.99744e-18 0.1592
48.6927 0.761868 0.0342822 2.94331e-18 2.34846e-19 2.94331e-18 0.20385
48.8127 0.725087 0.0189781 2.80059e-18 1.30688e-19 2.80059e-18 0.255935
48.9327 0.673208 0.0108335 2.59967e-18 7.49519e-20 2.59967e-18 0.315958
49.0527 0.610774 0.00627183 2.35812e-18 4.35248e-20 2.35812e-18 0.382954
49.1727 0.541572 0.00364302 2.09055e-18 2.53045e-20 2.09055e-18 0.454785
49.2927 0.469341 0.00211055 1.8114e-18 1.46347e-20 1.8114e-18 0.528548
49.4127 0.397697 0.00121649 1.53462e-18 8.39216e-21 1.53462e-18 0.601087
49.5327 0.329784 0.000697666 1.27233e-18 4.76527e-21 1.27233e-18 0.669519
49.6527 0.267967 0.000399154 1.03365e-18 2.67891e-21 1.03365e-18 0.731634
49.7727 0.213683 0.000229088 8.24109e-19 1.49188e-21 8.24109e-19 0.786088
49.8927 0.16749 0.000133165 6.45832e-19 8.23819e-22 6.45832e-19 0.832377
50.0127 0.129236 7.95736e-05 4.98225e-19 4.51595e-22 4.98225e-19 0.870685
50.1327 0.0982917 4.98937e-05 3.78848e-19 2.46035e-22 3.78848e-19 0.901658
50.2527 0.0737655 3.35861e-05 2.84248e-19 1.3337e-22 2.84248e-19 0.926201
50.3727 0.0546698 2.46907e-05 2.10608e-19 7.20069e-23 2.10608e-19 0.945306
50.4927 0.0400374 1.98718e-05 1.54191e-19 3.87548e-23 1.54191e-19 0.959943
50.6127 0.028987 1.72791e-05 1.11593e-19 2.08086e-23 1.11593e-19 0.970996
50.7327 0.0207539 1.58943e-05 7.98628e-20 1.11532e-23 7.98628e-20 0.97923
50.8527 0.0146982 1.51608e-05 5.65293e-20 5.97071e-24 5.65293e-20 0.985287
50.9727 0.0102988 1.47762e-05 3.95819e-20 3.19394e-24 3.95819e-20 0.989686
51.0927 0.00714098 1.4577e-05 2.74202e-20 1.70798e-24 2.74202e-20 0.992844
51.2127 0.00490086 1.44756e-05 1.87952e-20 9.13451e-25 1.87952e-20 0.995085
51.3327 0.00333005 1.44251e-05 1.2749e-20 4.88846e-25 1.2749e-20 0.996656
51.4527 0.00224108 1.44008e-05 8.55865e-21 2.61997e-25 8.55865e-21 0.997745
51.5727 0.00149458 1.43897e-05 5.68712e-21 1.40812e-25 5.68712e-21 0.998491
51.6927 0.000988492 1.4385e-05 3.74106e-21 7.60721e-26 3.74106e-21 0.998997
51.8127 0.000649114 1.43833e-05 2.43655e-21 4.14818e-26 2.43655e-21 0.999336
51.9327 0.000423963 1.4383e-05 1.57147e-21 2.29968e-26 1.57147e-21 0.999562
52.0527 0.000276163 1.43832e-05 1.00384e-21 1.31161e-26 1.00384e-21 0.999709
52.1727 0.000180146 1.43835e-05 6.35267e-22 7.83335e-27 6.35267e-22 0.999805
52.2927 0.000118412 1.43838e-05 3.98415e-22 5.00829e-27 3.98415e-22 0.999867
52.4127 7.91331e-05 1.43841e-05 2.478e-22 3.49738e-27 2.478e-22 0.999906
52.5327 5.44194e-05 1.43843e-05 1.53093e-22 2.68957e-27 1.53093e-22 0.999931
52.6527 3.908e-05 1.43844e-05 9.43458e-23 2.2584e-27 9.43458e-23 0.999947
52.7727 2.97557e-05 1.43845e-05 5.86586e-23 2.02972e-27 5.86586e-23 0.999956
52.8927 2.43267e-05 1.43846e-05 3.78916e-23 1.91123e-27 3.78916e-23 0.999961
53.0127 2.15178e-05 1.43846e-05 2.71525e-23 1.85508e-27 2.71525e-23 0.999964
53.1327 2.06528e-05 1.43846e-05 2.38459e-23 1.83861e-27 2.38459e-23 0.999965
