4.66998 3.11687e-05 1.43845e-05 6.49692e-23 1.98309e-27 6.49692e-23 0.999954
4.78998 3.34164e-05 1.43845e-05 7.36963e-23 2.0296e-27 7.36963e-23 0.999952
4.90998 4.05644e-05 1.43844e-05 1.01454e-22 2.18553e-27 1.01454e-22 0.999945
5.02998 5.41173e-05 1.43842e-05 1.54098e-22 2.511e-27 1.54098e-22 0.999931
5.14998 7.69278e-05 1.4384e-05 2.42733e-22 3.13311e-27 2.42733e-22 0.999909
5.26998 0.000113675 1.43837e-05 3.85574e-22 4.29563e-27 3.85574e-22 0.999872
5.38998 0.000171623 1.43832e-05 6.1091e-22 6.4549e-27 6.1091e-22 0.999814
5.50998 0.000261747 1.43827e-05 9.61489e-22 1.04597e-26 9.61489e-22 0.999724
5.62998 0.000400333 1.4382e-05 1.50076e-21 1.78861e-26 1.50076e-21 0.999585
5.74998 0.000611202 1.43815e-05 2.32155e-21 3.16601e-26 2.32155e-21 0.999374
5.86998 0.000928729 1.43815e-05 3.55784e-21 5.72148e-26 3.55784e-21 0.999057
5.98998 0.00140188 1.43831e-05 5.40051e-21 1.0464e-25 5.40051e-21 0.998584
6.10998 0.00209947 1.43883e-05 8.11791e-21 1.92672e-25 8.11791e-21 0.997886
6.22998 0.00311694 1.44012e-05 1.20822e-20 3.56104e-25 1.20822e-20 0.996869
6.34998 0.00458479 1.44303e-05 1.78024e-20 6.59525e-25 1.78024e-20 0.995401
6.46998 0.00667894 1.44913e-05 2.59648e-20 1.22275e-24 2.59648e-20 0.993307
6.58998 0.00963304 1.46145e-05 3.74809e-20 2.26785e-24 3.74809e-20 0.990352
6.70998 0.0137526 1.48568e-05 5.35428e-20 4.20572e-24 5.35428e-20 0.986233
6.82998 0.0194302 1.53241e-05 7.56829e-20 7.79512e-24 7.56829e-20 0.980554
6.94998 0.0271616 1.62119e-05 1.05836e-19 1.44331e-23 1.05836e-19 0.972822
7.06998 0.0375591 1.78797e-05 1.46392e-19 2.66821e-23 1.46392e-19 0.962423
7.18998 0.0513599 2.09826e-05 2.00229e-19 4.92188e-23 2.00229e-19 0.948619
7.30998 0.0694231 2.67065e-05 2.70701e-19 9.0526e-23 2.70701e-19 0.93055
7.42998 0.0927062 3.71804e-05 3.61549e-19 1.6587e-22 3.61549e-19 0.907256
7.54998 0.12221 5.61914e-05 4.7668e-19 3.02466e-22 4.7668e-19 0.877734
7.66998 0.158876 9.04031e-05 6.19778e-19 5.48289e-22 6.19778e-19 0.841033
7.78998 0.203434 0.0001514 7.93695e-19 9.86815e-22 7.93695e-19 0.796414
7.90998 0.256192 0.000259061 9.99639e-19 1.76123e-21 9.99639e-19 0.743549
8.02998 0.316806 0.000447042 1.23628e-18 3.11355e-21 1.23628e-18 0.682747
8.14998 0.384082 0.000771652 1.49896e-18 5.44715e-21 1.49896e-18 0.615147
8.26998 0.4559 0.00132632 1.77942e-18 9.42746e-21 1.77942e-18 0.542774
8.38998 0.529318 0.00226584 2.06618e-18 1.61481e-20 2.06618e-18 0.468416
8.50998 0.600886 0.00384939 2.34577e-18 2.74216e-20 2.34577e-18 0.395265
8.62998 0.667061 0.00652317 2.60437e-18 4.63352e-20 2.60437e-18 0.326416
8.74998 0.724552 0.011097 2.82912e-18 7.84413e-20 2.82912e-18 0.264351
8.86998 0.770278 0.0191634 3.00798e-18 1.34621e-19 3.00798e-18 0.210559
8.98998 0.800484 0.0341735 3.12628e-18 2.38558e-19 3.12628e-18 0.165342
9.10998 0.808033 0.0642152 3.15615e-18 4.46391e-19 3.15615e-18 0.127752
9.22998 0.776346 0.128118 3.03279e-18 8.90909e-19 3.03279e-18 0.095536
9.34998 0.673674 0.260703 2.63213e-18 1.82368e-18 2.63213e-18 0.0656222
9.46998 0.481279 0.481281 1.88081e-18 3.40349e-18 1.88081e-18 0.03744
9.58998 0.271261 0.711998 1.06038e-18 5.11277e-18 1.06038e-18 0.0167407
9.70998 0.134057 0.859502 5.24249e-19 6.29858e-18 5.24249e-19 0.00644089
9.82998 0.0657758 0.931791 2.57347e-19 7.00593e-18 2.57347e-19 0.0024333
9.94998 0.0337288 0.965294 1.32021e-19 7.479e-18 1.32021e-19 0.000976871
10.07 0.018099 0.981472 7.08626e-20 7.8492e-18 7.08626e-20 0.000428481
10.19 0.0100835 0.98971 3.94805e-20 8.15228e-18 3.94805e-20 0.000205957
10.31 0.00592986 0.993959 2.32099e-20 8.37883e-18 2.32099e-20 0.000110413
10.43 0.00398175 0.995946 1.5573e-20 8.50559e-18 1.5573e-20 7.1848e-05
10.55 0.0035218 0.996412 1.37573e-20 8.51478e-18 1.37573e-20 6.59914e-05
10.67 0.00435197 0.995559 1.69743e-20 8.4049e-18 1.69743e-20 8.88862e-05
10.79 0.00668845 0.993159 2.60419e-20 8.19224e-18 2.60419e-20 0.000152729
10.91 0.0112683 0.988435 4.37854e-20 7.90365e-18 4.37854e-20 0.000296846
11.03 0.019776 0.979595 7.66669e-20 7.5637e-18 7.66669e-20 0.000628761
11.15 0.0360233 0.962523 1.39305e-19 7.17729e-18 1.39305e-19 0.00145389
11.27 0.0689324 0.927398 2.65916e-19 6.7018e-18 2.65916e-19 0.00366919
11.39 0.138327 0.85188 5.32508e-19 5.99992e-18 5.32508e-19 0.009793
11.51 0.275327 0.699254 1.05832e-18 4.83068e-18 1.05832e-18 0.0254187
11.63 0.477943 0.465929 1.83534e-18 3.17541e-18 1.83534e-18 0.0561282
11.75 0.653894 0.249416 2.5094e-18 1.68524e-18 2.5094e-18 0.0966903
11.87 0.739673 0.12176 2.83725e-18 8.19592e-19 2.83725e-18 0.138567
11.99 0.757125 0.060626 2.90311e-18 4.08403e-19 2.90311e-18 0.182249
12.11 0.736904 0.0319198 2.82466e-18 2.1584e-19 2.82466e-18 0.231176
12.23 0.695076 0.0176234 2.66356e-18 1.19714e-19 2.66356e-18 0.287301
12.35 0.639288 0.0100091 2.44914e-18 6.82417e-20 2.44914e-18 0.350703
12.47 0.574275 0.00575603 2.19952e-18 3.93188e-20 2.19952e-18 0.419969
12.59 0.504048 0.0033186 1.93009e-18 2.266e-20 1.93009e-18 0.492634
12.71 0.432419 0.0019081 1.65543e-18 1.29873e-20 1.65543e-18 0.565673
12.83 0.362849 0.00109199 1.38878e-18 7.38146e-21 1.38878e-18 0.636059
12.95 0.298142 0.000622433 1.14087e-18 4.15607e-21 1.14087e-18 0.701235
13.07 0.240227 0.000354516 9.19043e-19 2.31824e-21 9.19043e-19 0.759418
13.19 0.190109 0.000203064 7.27137e-19 1.28192e-21 7.27137e-19 0.809688
13.31 0.147992 0.000118237 5.65911e-19 7.03438e-22 5.65911e-19 0.851889
13.43 0.113485 7.11368e-05 4.33847e-19 3.83475e-22 4.33847e-19 0.886444
13.55 0.0858251 4.51887e-05 3.28015e-19 2.07913e-22 3.28015e-19 0.91413
13.67 0.064073 3.09946e-05 2.44807e-19 1.12231e-22 2.44807e-19 0.935896
13.79 0.0472532 2.32804e-05 1.80482e-19 6.03725e-23 1.80482e-19 0.952723
13.91 0.034444 1.91136e-05 1.31507e-19 3.23897e-23 1.31507e-19 0.965537
14.03 0.024825 1.68769e-05 9.47395e-20 1.73427e-23 9.47395e-20 0.975158
14.15 0.0176962 1.56843e-05 6.74979e-20 9.27297e-24 6.74979e-20 0.982288
14.27 0.0124793 1.50533e-05 4.75675e-20 4.95363e-24 4.75675e-20 0.987506
14.39 0.00870762 1.47226e-05 3.31631e-20 2.64495e-24 3.31631e-20 0.991278
14.51 0.00601317 1.45513e-05 2.28758e-20 1.41214e-24 2.28758e-20 0.993972
14.63 0.00411061 1.4464e-05 1.56144e-20 7.54226e-25 1.56144e-20 0.995875
14.75 0.00278255 1.44204e-05 1.05475e-20 4.03226e-25 1.05475e-20 0.997203
14.87 0.00186596 1.43993e-05 7.05185e-21 2.15987e-25 7.05185e-21 0.99812
14.99 0.00124037 1.43896e-05 4.66699e-21 1.161e-25 4.66699e-21 0.998745
15.11 0.000818073 1.43854e-05 3.05781e-21 6.28043e-26 3.05781e-21 0.999168
15.23 0.000536074 1.43838e-05 1.98376e-21 3.43606e-26 1.98376e-21 0.99945
15.35 0.00034976 1.43835e-05 1.27451e-21 1.91757e-26 1.27451e-21 0.999636
15.47 0.00022795 1.43835e-05 8.11058e-22 1.10664e-26 8.11058e-22 0.999758
15.59 0.00014913 1.43838e-05 5.11354e-22 6.73414e-27 5.11354e-22 0.999836
15.71 9.86491e-05 1.4384e-05 3.19527e-22 4.41901e-27 3.19527e-22 0.999887
15.83 6.66515e-05 1.43842e-05 1.9802e-22 3.18158e-27 1.9802e-22 0.999919
15.95 4.65935e-05 1.43844e-05 1.21908e-22 2.52031e-27 1.21908e-22 0.999939
16.07 3.41884e-05 1.43845e-05 7.48714e-23 2.16751e-27 7.48714e-23 0.999951
16.19 2.6674e-05 1.43846e-05 4.64007e-23 1.98048e-27 4.64007e-23 0.999959
16.31 2.23132e-05 1.43846e-05 2.98904e-23 1.88362e-27 2.98904e-23 0.999963
16.43 2.00644e-05 1.43846e-05 2.13806e-23 1.83778e-27 2.13806e-23 0.999966
16.55 1.93742e-05 1.43846e-05 1.87698e-23 1.82435e-27 1.87698e-23 0.999966
