1.35043 6.93851e-05 1.4384e-05 2.19046e-22 2.4598e-27 2.19046e-22 0.999917
1.47043 7.67032e-05 1.43839e-05 2.48225e-22 2.60788e-27 2.48225e-22 0.999909
1.59043 9.80044e-05 1.43836e-05 3.3316e-22 3.06415e-27 3.3316e-22 0.999888
1.71043 0.000135981 1.43832e-05 4.84596e-22 3.96455e-27 4.84596e-22 0.99985
1.83043 0.000196584 1.43825e-05 7.26279e-22 5.60585e-27 7.26279e-22 0.999789
1.95043 0.000289607 1.43816e-05 1.09729e-21 8.54517e-27 1.09729e-21 0.999696
2.07043 0.000429864 1.43804e-05 1.65672e-21 1.37947e-26 1.65672e-21 0.999556
2.19043 0.000638997 1.43789e-05 2.49094e-21 2.31804e-26 2.49094e-21 0.999347
2.31043 0.000948013 1.43771e-05 3.72367e-21 3.9995e-26 3.72367e-21 0.999037
2.43043 0.00140072 1.43754e-05 5.52971e-21 7.01811e-26 5.52971e-21 0.998585
2.55043 0.00205824 1.43745e-05 8.15292e-21 1.24478e-25 8.15292e-21 0.997927
2.67043 0.00300479 1.43761e-05 1.19294e-20 2.22314e-25 1.19294e-20 0.99698
2.79043 0.00435502 1.43838e-05 1.73165e-20 3.98865e-25 1.73165e-20 0.99563
2.91043 0.00626298 1.44045e-05 2.4929e-20 7.17852e-25 2.4929e-20 0.993722
3.03043 0.00893297 1.44517e-05 3.55819e-20 1.29471e-24 3.55819e-20 0.991052
3.15043 0.0126321 1.45511e-05 5.03413e-20 2.33844e-24 5.03413e-20 0.987353
3.27043 0.0177047 1.47501e-05 7.05802e-20 4.22707e-24 7.05802e-20 0.98228
3.39043 0.0245868 1.51363e-05 9.80392e-20 7.64305e-24 9.80392e-20 0.975398
3.51043 0.0338214 1.58693e-05 1.34884e-19 1.38149e-23 1.34884e-19 0.966163
3.63043 0.0460694 1.72375e-05 1.83752e-19 2.4946e-23 1.83752e-19 0.953913
3.75043 0.0621139 1.97578e-05 2.47766e-19 4.4967e-23 2.47766e-19 0.937866
3.87043 0.0828502 2.43487e-05 3.30499e-19 8.08444e-23 3.30499e-19 0.917126
3.99043 0.109251 3.2627e-05 4.3583e-19 1.44822e-22 4.3583e-19 0.890717
4.11043 0.142294 4.7408e-05 5.6766e-19 2.58197e-22 5.6766e-19 0.857659
4.23043 0.182843 7.35363e-05 7.29431e-19 4.57571e-22 7.29431e-19 0.817084
4.35043 0.231467 0.000119235 9.23417e-19 8.04959e-22 9.23417e-19 0.768414
4.47043 0.288226 0.000198262 1.14985e-18 1.40383e-21 1.14985e-18 0.711577
4.59043 0.352444 0.000333302 1.40603e-18 2.4241e-21 1.40603e-18 0.647224
4.71043 0.422558 0.00056127 1.68573e-18 4.14062e-21 1.68573e-18 0.576881
4.83043 0.496123 0.000941659 1.97918e-18 6.99288e-21 1.97918e-18 0.502935
4.95043 0.570021 0.00157002 2.27394e-18 1.16795e-20 2.27394e-18 0.42841
5.07043 0.640865 0.00260074 2.5565e-18 1.93152e-20 2.5565e-18 0.356534
5.19043 0.705483 0.00428811 2.81421e-18 3.17116e-20 2.81421e-18 0.290229
5.31043 0.761282 0.00706721 3.03672e-18 5.19289e-20 3.03672e-18 0.231651
5.43043 0.806332 0.0117301 3.21633e-18 8.54953e-20 3.21633e-18 0.181938
5.55043 0.838955 0.0198508 3.34634e-18 1.43413e-19 3.34634e-18 0.141195
5.67043 0.856478 0.0348894 3.41609e-18 2.5015e-19 3.41609e-18 0.108633
5.79043 0.852204 0.0650609 3.39888e-18 4.64883e-19 3.39888e-18 0.0827353
5.91043 0.809019 0.129655 3.22644e-18 9.29629e-19 3.22644e-18 0.0613263
6.03043 0.693727 0.264373 2.76639e-18 1.9153e-18 2.76639e-18 0.0419002
6.15043 0.488108 0.488107 1.94616e-18 3.59009e-18 1.94616e-18 0.0237858
6.27043 0.269715 0.719696 1.07511e-18 5.39264e-18 1.07511e-18 0.0105884
6.39043 0.130425 0.8655 5.19639e-19 6.63076e-18 5.19639e-19 0.00407494
6.51043 0.062459 0.935993 2.48652e-19 7.35882e-18 2.48652e-19 0.00154816
6.63043 0.0311609 0.968212 1.2391e-19 7.82802e-18 1.2391e-19 0.000627236
6.75043 0.0162536 0.983468 6.45336e-20 8.16762e-18 6.45336e-20 0.000278908
6.87043 0.00886839 0.990993 3.5144e-20 8.40993e-18 3.5144e-20 0.00013843
6.99043 0.00526141 0.994657 2.07987e-20 8.54728e-18 2.07987e-20 8.14475e-05
7.11043 0.00380193 0.996133 1.498e-20 8.56627e-18 1.498e-20 6.52746e-05
7.23043 0.00380868 0.996113 1.49466e-20 8.46518e-18 1.49466e-20 7.79126e-05
7.35043 0.00513386 0.994742 2.00625e-20 8.25879e-18 2.00625e-20 0.000124338
7.47043 0.00807018 0.9917 3.14018e-20 7.97361e-18 3.14018e-20 0.000229591
7.59043 0.0134932 0.986045 5.22636e-20 7.63805e-18 5.22636e-20 0.000461837
7.71043 0.0233914 0.975601 9.01629e-20 7.27062e-18 9.01629e-20 0.00100713
7.83043 0.0423239 0.955274 1.62334e-19 6.864e-18 1.62334e-19 0.00240245
7.95043 0.0809733 0.912799 3.09167e-19 6.35533e-18 3.09167e-19 0.00622748
8.07043 0.161942 0.821294 6.16092e-19 5.5779e-18 6.16092e-19 0.0167645
8.19043 0.313489 0.644117 1.18972e-18 4.29682e-18 1.18972e-18 0.0423941
8.31043 0.510407 0.401807 1.93406e-18 2.64865e-18 1.93406e-18 0.087786
8.43043 0.652786 0.205638 2.47106e-18 1.34626e-18 2.47106e-18 0.141576
8.55043 0.70634 0.0991494 2.6718e-18 6.47606e-19 2.6718e-18 0.194511
8.67043 0.70197 0.0494047 2.65368e-18 3.231e-19 2.65368e-18 0.248625
8.79043 0.666641 0.0259844 2.51884e-18 1.70426e-19 2.51884e-18 0.307374
8.91043 0.613902 0.0142416 2.31852e-18 9.36484e-20 2.31852e-18 0.371856
9.03043 0.550911 0.00798659 2.07977e-18 5.25715e-20 2.07977e-18 0.441102
9.15043 0.482619 0.00452071 1.82125e-18 2.97232e-20 1.82125e-18 0.51286
9.27043 0.413145 0.00256233 1.55851e-18 1.6783e-20 1.55851e-18 0.584293
9.39043 0.345965 0.00144891 1.30462e-18 9.42258e-21 1.30462e-18 0.652586
9.51043 0.283768 0.000816922 1.06971e-18 5.25015e-21 1.06971e-18 0.715415
9.63043 0.228324 0.000460209 8.60403e-19 2.90194e-21 8.60403e-19 0.771216
9.75043 0.180502 0.000260335 6.79957e-19 1.59179e-21 6.79957e-19 0.819237
9.87043 0.140416 0.000149194 5.28761e-19 8.67182e-22 5.28761e-19 0.859435
9.99043 0.107632 8.78409e-05 4.05153e-19 4.69669e-22 4.05153e-19 0.892281
10.1104 0.0813841 5.41945e-05 3.06229e-19 2.53146e-22 3.06229e-19 0.918562
10.2304 0.060758 3.58502e-05 2.28519e-19 1.35913e-22 2.28519e-19 0.939206
10.3504 0.0448151 2.59005e-05 1.68477e-19 7.27512e-23 1.68477e-19 0.955159
10.4704 0.0326754 2.05298e-05 1.22775e-19 3.88537e-23 1.22775e-19 0.967304
10.5904 0.0235586 1.76442e-05 8.84667e-20 2.07165e-23 8.84667e-20 0.976424
10.7104 0.0168009 1.61012e-05 6.30464e-20 1.10338e-23 6.30464e-20 0.983183
10.8304 0.0118539 1.52806e-05 4.44455e-20 5.87294e-24 4.44455e-20 0.988131
10.9504 0.00827611 1.4847e-05 3.09987e-20 3.12522e-24 3.09987e-20 0.991709
11.0704 0.00571889 1.46197e-05 2.13923e-20 1.66326e-24 2.13923e-20 0.994266
11.1904 0.00391225 1.45017e-05 1.46089e-20 8.85674e-25 1.46089e-20 0.996073
11.3104 0.00265037 1.44413e-05 9.87346e-21 4.7212e-25 9.87346e-21 0.997335
11.4304 0.00177886 1.4411e-05 6.60481e-21 2.52147e-25 6.60481e-21 0.998207
11.5504 0.00118361 1.43961e-05 4.37364e-21 1.35109e-25 4.37364e-21 0.998802
11.6704 0.000781483 1.4389e-05 2.86729e-21 7.28136e-26 2.86729e-21 0.999204
11.7904 0.000512733 1.43859e-05 1.86126e-21 3.96409e-26 1.86126e-21 0.999473
11.9104 0.00033502 1.43846e-05 1.19651e-21 2.19667e-26 1.19651e-21 0.999651
12.0304 0.00021873 1.43842e-05 7.61847e-22 1.25447e-26 7.61847e-22 0.999767
12.1504 0.00014341 1.43841e-05 4.8056e-22 7.51896e-27 4.8056e-22 0.999842
12.2704 9.51177e-05 1.43842e-05 3.00371e-22 4.83657e-27 3.00371e-22 0.99989
12.3904 6.4464e-05 1.43843e-05 1.86105e-22 3.40411e-27 1.86105e-22 0.999921
12.5104 4.52028e-05 1.43844e-05 1.1438e-22 2.63881e-27 1.1438e-22 0.99994
12.6304 3.32307e-05 1.43845e-05 6.98469e-23 2.22995e-27 6.98469e-23 0.999952
12.7504 2.58871e-05 1.43846e-05 4.25611e-23 2.01183e-27 4.25611e-23 0.99996
12.8704 2.14737e-05 1.43846e-05 2.61814e-23 1.89622e-27 2.61814e-23 0.999964
12.9904 1.89319e-05 1.43846e-05 1.67573e-23 1.83637e-27 1.67573e-23 0.999967
13.1104 1.76304e-05 1.43847e-05 1.19361e-23 1.80809e-27 1.19361e-23 0.999968
13.2304 1.72342e-05 1.43847e-05 1.04688e-23 1.79984e-27 1.04688e-23 0.999968
