1.03764 8.00827e-05 1.43838e-05 2.62174e-22 2.59813e-27 2.62174e-22 0.999905
1.15764 8.88077e-05 1.43837e-05 2.97026e-22 2.77555e-27 2.97026e-22 0.999897
1.27764 0.000113517 1.43834e-05 3.95733e-22 3.30782e-27 3.95733e-22 0.999872
1.39764 0.000156869 1.43829e-05 5.68922e-22 4.34208e-27 5.68922e-22 0.999829
1.51764 0.000225218 1.43822e-05 8.41992e-22 6.20527e-27 8.41992e-22 0.99976
1.63764 0.000329094 1.43811e-05 1.25703e-21 9.50929e-27 1.25703e-21 0.999656
1.75764 0.000484381 1.43798e-05 1.87752e-21 1.53598e-26 1.87752e-21 0.999501
1.87764 0.000714172 1.43781e-05 2.79576e-21 2.57408e-26 2.79576e-21 0.999271
1.99764 0.0010514 1.43762e-05 4.14338e-21 4.42116e-26 4.14338e-21 0.998934
2.11764 0.00154239 1.43743e-05 6.1055e-21 7.71664e-26 6.1055e-21 0.998443
2.23764 0.00225146 1.43733e-05 8.93924e-21 1.36111e-25 8.93924e-21 0.997734
2.35764 0.00326693 1.4375e-05 1.29975e-20 2.41775e-25 1.29975e-20 0.996719
2.47764 0.00470854 1.43831e-05 1.87588e-20 4.31551e-25 1.87588e-20 0.995277
2.59764 0.0067366 1.44051e-05 2.6864e-20 7.72933e-25 2.6864e-20 0.993249
2.71764 0.009563 1.4455e-05 3.81597e-20 1.38777e-24 3.81597e-20 0.990423
2.83764 0.0134639 1.45597e-05 5.37495e-20 2.49597e-24 5.37495e-20 0.986522
2.95764 0.018794 1.47687e-05 7.50507e-20 4.494e-24 7.50507e-20 0.981192
3.07764 0.0260012 1.51732e-05 1.03854e-19 8.09536e-24 1.03854e-19 0.973984
3.19764 0.0356413 1.59388e-05 1.42378e-19 1.45806e-23 1.42378e-19 0.964343
3.31764 0.0483881 1.73637e-05 1.93318e-19 2.62388e-23 1.93318e-19 0.951595
3.43764 0.0650366 1.99811e-05 2.59848e-19 4.71411e-23 2.59848e-19 0.934944
3.55764 0.0864901 2.47353e-05 3.45578e-19 8.44791e-23 3.45578e-19 0.913486
3.67764 0.113722 3.32834e-05 4.54396e-19 1.50849e-22 4.54396e-19 0.886245
3.79764 0.147699 4.85015e-05 5.90163e-19 2.68083e-22 5.90163e-19 0.852253
3.91764 0.189253 7.53214e-05 7.56204e-19 4.73562e-22 7.56204e-19 0.810672
4.03764 0.2389 0.000122084 9.54579e-19 8.30375e-22 9.54579e-19 0.760978
4.15764 0.29662 0.000202694 1.1852e-18 1.44337e-21 1.1852e-18 0.703178
4.27764 0.361634 0.000339994 1.44496e-18 2.48402e-21 1.44496e-18 0.638025
4.39764 0.432276 0.000571028 1.72718e-18 4.22873e-21 1.72718e-18 0.567152
4.51764 0.506012 0.000955326 2.02175e-18 7.11793e-21 2.02175e-18 0.493032
4.63764 0.579681 0.00158828 2.31604e-18 1.18499e-20 2.31604e-18 0.41873
4.75764 0.649918 0.00262376 2.59659e-18 1.95368e-20 2.59659e-18 0.347458
4.87764 0.713628 0.00431509 2.85104e-18 3.19843e-20 2.85104e-18 0.282056
4.99764 0.76834 0.00709568 3.06952e-18 5.22426e-20 3.06952e-18 0.224564
5.11764 0.812249 0.0117551 3.24481e-18 8.58277e-20 3.24481e-18 0.175996
5.23764 0.843782 0.0198648 3.37064e-18 1.43737e-19 3.37064e-18 0.136353
5.35764 0.860335 0.0348835 3.43658e-18 2.5048e-19 3.43658e-18 0.104782
5.47764 0.85522 0.065034 3.41595e-18 4.65452e-19 3.41595e-18 0.079746
5.59764 0.811262 0.129644 3.24012e-18 9.31411e-19 3.24012e-18 0.0590946
5.71764 0.695118 0.264508 2.77596e-18 1.92101e-18 2.77596e-18 0.0403748
5.83764 0.488542 0.48854 1.95067e-18 3.60368e-18 1.95067e-18 0.0229177
5.95764 0.26951 0.720291 1.07579e-18 5.41442e-18 1.07579e-18 0.0101993
6.07764 0.130074 0.866001 5.18937e-19 6.65707e-18 5.18937e-19 0.00392498
6.19764 0.0621582 0.93635 2.47767e-19 7.38662e-18 2.47767e-19 0.0014916
6.31764 0.0309397 0.968456 1.23173e-19 7.85491e-18 1.23173e-19 0.000604685
6.43764 0.0161032 0.983628 6.40035e-20 8.19111e-18 6.40035e-20 0.000269234
6.55764 0.00877635 0.99109 3.48112e-20 8.42751e-18 3.48112e-20 0.00013415
6.67764 0.00521783 0.994703 2.06422e-20 8.55693e-18 2.06422e-20 7.98027e-05
6.79764 0.00380077 0.996134 1.4984e-20 8.56708e-18 1.4984e-20 6.52939e-05
6.91764 0.00384868 0.996072 1.51091e-20 8.45765e-18 1.51091e-20 7.95101e-05
7.03764 0.00522024 0.994652 2.04036e-20 8.2445e-18 2.04036e-20 0.000128217
7.15764 0.00821821 0.991544 3.19773e-20 7.9546e-18 3.19773e-20 0.000237807
7.27764 0.0137372 0.985783 5.31981e-20 7.61618e-18 5.31981e-20 0.000479731
7.39764 0.0238092 0.975142 9.17369e-20 7.24698e-18 9.17369e-20 0.00104931
7.51764 0.0430994 0.954389 1.65215e-19 6.83835e-18 1.65215e-19 0.00251121
7.63764 0.0825369 0.910937 3.14915e-19 6.325e-18 3.14915e-19 0.00652582
7.75764 0.16508 0.817349 6.27537e-19 5.53669e-18 6.27537e-19 0.017571
7.87764 0.318477 0.637266 1.20764e-18 4.24076e-18 1.20764e-18 0.0442572
7.99764 0.514603 0.394482 1.94828e-18 2.59443e-18 1.94828e-18 0.090915
8.11764 0.653438 0.200987 2.47136e-18 1.313e-18 2.47136e-18 0.145574
8.23764 0.703979 0.0968401 2.66049e-18 6.31238e-19 2.66049e-18 0.199181
8.35764 0.697753 0.0482886 2.63535e-18 3.15167e-19 2.63535e-18 0.253959
8.47764 0.661263 0.0254111 2.49623e-18 1.66317e-19 2.49623e-18 0.313325
8.59764 0.607785 0.0139264 2.29329e-18 9.13698e-20 2.29329e-18 0.378288
8.71764 0.544395 0.00780532 2.05324e-18 5.12523e-20 2.05324e-18 0.4478
8.83764 0.476024 0.00441428 1.79466e-18 2.89455e-20 1.79466e-18 0.519562
8.95764 0.406765 0.00249957 1.53297e-18 1.63237e-20 1.53297e-18 0.590736
9.07764 0.340043 0.0014121 1.28105e-18 9.15323e-21 1.28105e-18 0.658545
9.19764 0.278472 0.000795549 1.04872e-18 5.09399e-21 1.04872e-18 0.720733
9.31764 0.223743 0.000447945 8.42313e-19 2.81255e-21 8.42313e-19 0.775809
9.43764 0.176654 0.000253383 6.64802e-19 1.54126e-21 6.64802e-19 0.823093
9.55764 0.137265 0.000145297 5.16378e-19 8.38953e-22 5.16378e-19 0.86259
9.67764 0.105107 8.56798e-05 3.95252e-19 4.54057e-22 3.95252e-19 0.894807
9.79764 0.0794005 5.30071e-05 2.9846e-19 2.44584e-22 2.9846e-19 0.920546
9.91764 0.0592256 3.52033e-05 2.22527e-19 1.31252e-22 2.22527e-19 0.940739
10.0376 0.0436493 2.55509e-05 1.63923e-19 7.0228e-23 1.63923e-19 0.956325
10.1576 0.0318008 2.03423e-05 1.19363e-19 3.74941e-23 1.19363e-19 0.968179
10.2776 0.0229112 1.75444e-05 8.5943e-20 1.99865e-23 8.5943e-20 0.977071
10.3976 0.0163275 1.60486e-05 6.12029e-20 1.06429e-23 6.12029e-20 0.983656
10.5176 0.011512 1.52532e-05 4.31151e-20 5.66404e-24 4.31151e-20 0.988473
10.6376 0.00803198 1.48329e-05 3.00498e-20 3.01375e-24 3.00498e-20 0.991953
10.7576 0.00554662 1.46126e-05 2.07233e-20 1.60385e-24 2.07233e-20 0.994439
10.8776 0.00379205 1.44982e-05 1.41425e-20 8.54027e-25 1.41425e-20 0.996193
10.9976 0.00256743 1.44397e-05 9.55194e-21 4.5527e-25 9.55194e-21 0.997418
11.1176 0.00172227 1.44102e-05 6.3856e-21 2.43177e-25 6.3856e-21 0.998263
11.2376 0.00114542 1.43958e-05 4.2258e-21 1.30335e-25 4.2258e-21 0.99884
11.3576 0.000755976 1.43889e-05 2.76865e-21 7.02728e-26 2.76865e-21 0.99923
11.4776 0.000495878 1.43859e-05 1.79614e-21 3.82885e-26 1.79614e-21 0.99949
11.5976 0.000323999 1.43846e-05 1.15396e-21 2.12468e-26 1.15396e-21 0.999662
11.7176 0.000211595 1.43842e-05 7.34328e-22 1.21614e-26 7.34328e-22 0.999774
11.8376 0.000138837 1.43842e-05 4.62938e-22 7.31483e-27 4.62938e-22 0.999847
11.9576 9.22157e-05 1.43842e-05 2.89197e-22 4.72786e-27 2.89197e-22 0.999893
12.0776 6.26391e-05 1.43844e-05 1.79085e-22 3.3462e-27 1.79085e-22 0.999923
12.1976 4.40651e-05 1.43845e-05 1.10008e-22 2.60796e-27 1.10008e-22 0.999942
12.3176 3.25263e-05 1.43845e-05 6.71428e-23 2.2135e-27 6.71428e-23 0.999953
12.4376 2.5452e-05 1.43846e-05 4.0893e-23 2.00304e-27 4.0893e-23 0.99996
12.5576 2.12026e-05 1.43846e-05 2.51432e-23 1.89147e-27 2.51432e-23 0.999964
12.6776 1.87563e-05 1.43846e-05 1.60858e-23 1.83371e-27 1.60858e-23 0.999967
12.7976 1.75042e-05 1.43847e-05 1.1454e-23 1.80641e-27 1.1454e-23 0.999968
12.9176 1.71231e-05 1.43847e-05 1.00449e-23 1.79845e-27 1.00449e-23 0.999968
