10.5385 3.18896e-05 1.43845e-05 6.80766e-23 1.99045e-27 6.80766e-23 0.999954
10.6585 3.42338e-05 1.43844e-05 7.7219e-23 2.03863e-27 7.7219e-23 0.999951
10.7785 4.1701e-05 1.43844e-05 1.06344e-22 2.20047e-27 1.06344e-22 0.999944
10.8985 5.58732e-05 1.43842e-05 1.61637e-22 2.53882e-27 1.61637e-22 0.99993
11.0185 7.9744e-05 1.4384e-05 2.54797e-22 3.18644e-27 2.54797e-22 0.999906
11.1385 0.00011822 1.43836e-05 4.05006e-22 4.39821e-27 4.05006e-22 0.999867
11.2585 0.000178918 1.43831e-05 6.42048e-22 6.65155e-27 6.42048e-22 0.999807
11.3785 0.000273339 1.43825e-05 1.01091e-21 1.0835e-26 1.01091e-21 0.999712
11.4985 0.000418546 1.43819e-05 1.57833e-21 1.85992e-26 1.57833e-21 0.999567
11.6185 0.000639479 1.43813e-05 2.4419e-21 3.30101e-26 2.4419e-21 0.999346
11.7385 0.000972107 1.43812e-05 3.74238e-21 5.9762e-26 3.74238e-21 0.999013
11.8585 0.00146762 1.43827e-05 5.68013e-21 1.09431e-25 5.68013e-21 0.998518
11.9785 0.00219791 1.43879e-05 8.53656e-21 2.01658e-25 8.53656e-21 0.997788
12.0985 0.00326254 1.44011e-05 1.27015e-20 3.72914e-25 1.27015e-20 0.996723
12.2185 0.00479753 1.44309e-05 1.87077e-20 6.90886e-25 1.87077e-20 0.995188
12.3385 0.006986 1.44937e-05 2.7272e-20 1.2811e-24 2.7272e-20 0.993
12.4585 0.0100708 1.46208e-05 3.93458e-20 2.37609e-24 3.93458e-20 0.989915
12.5785 0.0143688 1.4871e-05 5.61707e-20 4.40585e-24 5.61707e-20 0.985616
12.6985 0.020287 1.5354e-05 7.93402e-20 8.16379e-24 7.93402e-20 0.979698
12.8185 0.0283375 1.62721e-05 1.10861e-19 1.51092e-23 1.10861e-19 0.971646
12.9385 0.0391515 1.79967e-05 1.53208e-19 2.79155e-23 1.53208e-19 0.960831
13.0585 0.0534865 2.12042e-05 2.09347e-19 5.14546e-23 2.09347e-19 0.946493
13.1785 0.072221 2.71173e-05 2.82724e-19 9.45474e-23 2.82724e-19 0.927752
13.2985 0.0963278 3.79275e-05 3.77151e-19 1.73035e-22 3.77151e-19 0.903634
13.4185 0.126813 5.75243e-05 4.96572e-19 3.15086e-22 4.96572e-19 0.87313
13.5385 0.164606 9.27345e-05 6.44637e-19 5.70212e-22 6.44637e-19 0.835301
13.6585 0.210399 0.000155392 8.24056e-19 1.02428e-21 8.24056e-19 0.789446
13.7785 0.264427 0.000265733 1.03576e-18 1.82401e-21 1.03576e-18 0.735308
13.8985 0.326239 0.000457902 1.27799e-18 3.21643e-21 1.27799e-18 0.673303
14.0185 0.39451 0.000788811 1.54557e-18 5.61156e-21 1.54557e-18 0.604701
14.1385 0.466987 0.00135255 1.82967e-18 9.68309e-21 1.82967e-18 0.53166
14.2585 0.540625 0.00230456 2.11836e-18 1.65343e-20 2.11836e-18 0.45707
14.3785 0.611931 0.00390441 2.39795e-18 2.79885e-20 2.39795e-18 0.384164
14.4985 0.6774 0.00659838 2.65473e-18 4.71459e-20 2.65473e-18 0.316001
14.6185 0.733842 0.011196 2.87616e-18 7.95795e-20 2.87616e-18 0.254962
14.7385 0.778313 0.0192901 3.05072e-18 1.36219e-19 3.05072e-18 0.202397
14.8585 0.807184 0.0343357 3.16418e-18 2.40893e-19 3.16418e-18 0.15848
14.9785 0.813388 0.0644377 3.18881e-18 4.50173e-19 3.18881e-18 0.122175
15.0985 0.780314 0.128473 3.05947e-18 8.98003e-19 3.05947e-18 0.0912131
15.2185 0.676101 0.261325 2.65121e-18 1.83809e-18 2.65121e-18 0.062574
15.3385 0.48217 0.482168 1.89104e-18 3.42967e-18 1.89104e-18 0.0356619
15.4585 0.271183 0.712883 1.06379e-18 5.15038e-18 1.06379e-18 0.0159333
15.5785 0.133724 0.860145 5.24712e-19 6.34277e-18 5.24712e-19 0.0061301
15.6985 0.0654495 0.932233 2.56888e-19 7.05328e-18 2.56888e-19 0.00231753
15.8185 0.0334608 0.965608 1.3136e-19 7.52714e-18 1.3136e-19 0.000931419
15.9385 0.0178933 0.981698 7.02466e-20 7.89564e-18 7.02466e-20 0.000409061
16.0585 0.00993552 0.989868 3.89954e-20 8.19395e-18 3.89954e-20 0.000197042
16.1785 0.00583286 0.994061 2.28789e-20 8.41237e-18 2.28789e-20 0.000106281
16.2985 0.00392814 0.996002 1.53909e-20 8.52818e-18 1.53909e-20 7.02866e-05
16.4185 0.00350282 0.996431 1.37025e-20 8.52506e-18 1.37025e-20 6.62345e-05
16.5385 0.00435635 0.995553 1.70089e-20 8.40337e-18 1.70089e-20 9.09929e-05
16.6585 0.00669895 0.993144 2.61003e-20 8.18097e-18 2.61003e-20 0.000157611
16.7785 0.0112536 0.98844 4.3742e-20 7.88549e-18 4.3742e-20 0.000306951
16.8985 0.0196714 0.979678 7.62577e-20 7.54158e-18 7.62577e-20 0.000650257
17.0185 0.0356835 0.962813 1.37935e-19 7.15414e-18 1.37935e-19 0.00150327
17.1385 0.0680193 0.928187 2.62196e-19 6.68138e-18 2.62196e-19 0.00379378
17.2585 0.136115 0.853752 5.23449e-19 5.98825e-18 5.23449e-19 0.0101326
17.3785 0.270807 0.702834 1.03965e-18 4.83483e-18 1.03965e-18 0.0263594
17.4985 0.471275 0.470278 1.80727e-18 3.19156e-18 1.80727e-18 0.0584464
17.6185 0.646629 0.25233 2.47793e-18 1.69794e-18 2.47793e-18 0.10104
17.7385 0.732018 0.123077 2.80368e-18 8.25122e-19 2.80368e-18 0.144905
17.8585 0.748577 0.0611109 2.86591e-18 4.10001e-19 2.86591e-18 0.190312
17.9785 0.727179 0.0320633 2.78299e-18 2.15895e-19 2.78299e-18 0.240758
18.0985 0.684172 0.017639 2.61757e-18 1.19281e-19 2.61757e-18 0.298189
18.2185 0.627423 0.00998242 2.39976e-18 6.773e-20 2.39976e-18 0.362595
18.3385 0.561829 0.00572072 2.14829e-18 3.8873e-20 2.14829e-18 0.432451
18.4585 0.491501 0.00328711 1.87889e-18 2.23178e-20 1.87889e-18 0.505211
18.5785 0.42027 0.00188391 1.60619e-18 1.27438e-20 1.60619e-18 0.577846
18.6985 0.351536 0.00107492 1.34317e-18 7.21744e-21 1.34317e-18 0.647389
18.8185 0.287984 0.000611087 1.10008e-18 4.05016e-21 1.10008e-18 0.711405
18.9385 0.231401 0.000347299 8.83719e-19 2.25217e-21 8.83719e-19 0.768252
19.0585 0.182661 0.000198632 6.97406e-19 1.24184e-21 6.97406e-19 0.817141
19.1785 0.141865 0.000115592 5.41505e-19 6.79675e-22 5.41505e-19 0.858019
19.2985 0.108555 6.95953e-05 4.14243e-19 3.69646e-22 4.14243e-19 0.891376
19.4185 0.0819337 4.43085e-05 3.12565e-19 1.99986e-22 3.12565e-19 0.918022
19.5385 0.0610533 3.05012e-05 2.32833e-19 1.07741e-22 2.32833e-19 0.938916
19.6585 0.0449455 2.30085e-05 1.71342e-19 5.78535e-23 1.71342e-19 0.955032
19.7785 0.0327049 1.89665e-05 1.24627e-19 3.09872e-23 1.24627e-19 0.967276
19.8985 0.0235314 1.67989e-05 8.96267e-20 1.65664e-23 8.96267e-20 0.976452
20.0185 0.0167461 1.56439e-05 6.37458e-20 8.84527e-24 6.37458e-20 0.983238
20.1385 0.0117897 1.50331e-05 4.48468e-20 4.71884e-24 4.48468e-20 0.988195
20.2585 0.00821304 1.47129e-05 3.12133e-20 2.51641e-24 3.12133e-20 0.991772
20.3785 0.00566252 1.4547e-05 2.14946e-20 1.34192e-24 2.14946e-20 0.994323
20.4985 0.00386481 1.44623e-05 1.4647e-20 7.15927e-25 1.4647e-20 0.996121
20.6185 0.00261217 1.442e-05 9.87742e-21 3.82364e-25 9.87742e-21 0.997373
20.7385 0.00174915 1.43994e-05 6.59278e-21 2.04634e-25 6.59278e-21 0.998236
20.8585 0.00116116 1.43898e-05 4.35589e-21 1.09927e-25 4.35589e-21 0.998824
20.9785 0.000764927 1.43857e-05 2.84924e-21 5.94497e-26 2.84924e-21 0.999221
21.0985 0.00050079 1.43841e-05 1.84538e-21 3.25387e-26 1.84538e-21 0.999485
21.2185 0.000326576 1.43836e-05 1.18365e-21 1.81867e-26 1.18365e-21 0.999659
21.3385 0.00021287 1.43837e-05 7.52001e-22 1.05298e-26 7.52001e-22 0.999773
21.4585 0.000139417 1.43839e-05 4.73344e-22 6.44319e-27 4.73344e-22 0.999846
21.5785 9.24522e-05 1.43841e-05 2.95294e-22 4.26134e-27 2.95294e-22 0.999893
21.6985 6.27325e-05 1.43843e-05 1.82707e-22 3.09618e-27 1.82707e-22 0.999923
21.8185 4.41331e-05 1.43844e-05 1.12302e-22 2.47408e-27 1.12302e-22 0.999941
21.9385 3.26489e-05 1.43845e-05 6.88657e-23 2.14245e-27 6.88657e-23 0.999953
22.0585 2.57037e-05 1.43846e-05 4.26188e-23 1.96679e-27 4.26188e-23 0.99996
22.1785 2.168e-05 1.43846e-05 2.7424e-23 1.87591e-27 2.7424e-23 0.999964
22.2985 1.96085e-05 1.43846e-05 1.96062e-23 1.83293e-27 1.96062e-23 0.999966
22.4185 1.89742e-05 1.43846e-05 1.72132e-23 1.82037e-27 1.72132e-23 0.999967
